v3.0 hex words plain
0358 0400 0398 0441 000F 000F 000F 000F 0358 0068 0400 000F 000F 000F 000F 000F
0358 0621 000F 000F 000F 000F 000F 000F 0358 0631 1000 000F 000F 000F 000F 000F
0358 0439 0C00 000F 000F 000F 000F 000F 0358 0400 0198 0400 01D8 0400 000F 000F
0358 0400 1676 16B7 000F 000F 000F 000F 0000 0000 0000 0000 0000 0000 0000 0000
0000 0000 0000 0000 0000 0000 0000 0000 0000 0000 0000 0000 0000 0000 0000 0000
0000 0000 0000 0000 0000 0000 0000 0000 0000 0000 0000 0000 0000 0000 0000 0000
0000 0000 0000 0000 0000 0000 0000 0000 0000 0000 0000 0000 0000 0000 0000 0000
0000 0000 0000 0000 0000 0000 0000 0000 0000 0000 0000 0000 0000 0000 0000 0000
0358 0400 0058 0400 000F 000F 000F 000F 0358 0400 0198 0400 01D8 0468 000F 000F
0358 0400 0198 0400 01D8 0621 000F 000F 0358 0400 0398 063B 1000 000F 000F 000F
0358 0439 0C00 000F 000F 000F 000F 000F 0358 0400 0198 0400 01D8 0400 000F 000F
0358 0276 02B7 000F 000F 000F 000F 000F 0000 0000 0000 0000 0000 0000 0000 0000
0000 0000 0000 0000 0000 0000 0000 0000 0000 0000 0000 0000 0000 0000 0000 0000
0000 0000 0000 0000 0000 0000 0000 0000 0000 0000 0000 0000 0000 0000 0000 0000
0000 0000 0000 0000 0000 0000 0000 0000 0000 0000 0000 0000 0000 0000 0000 0000
0000 0000 0000 0000 0000 0000 0000 0000 0000 0000 0000 0000 0000 0000 0000 0000
0358 0400 0398 0481 000F 000F 000F 000F 0358 00A8 0400 000F 000F 000F 000F 000F
0358 0622 000F 000F 000F 000F 000F 000F 0358 0632 1000 000F 000F 000F 000F 000F
0358 043A 0C00 000F 000F 000F 000F 000F 0358 0400 0198 0400 01D8 0400 000F 000F
0358 0442 1676 16B7 000F 000F 000F 000F 0000 0000 0000 0000 0000 0000 0000 0000
0000 0000 0000 0000 0000 0000 0000 0000 0000 0000 0000 0000 0000 0000 0000 0000
0000 0000 0000 0000 0000 0000 0000 0000 0000 0000 0000 0000 0000 0000 0000 0000
0000 0000 0000 0000 0000 0000 0000 0000 0000 0000 0000 0000 0000 0000 0000 0000
0000 0000 0000 0000 0000 0000 0000 0000 0000 0000 0000 0000 0000 0000 0000 0000
0358 0400 0098 0400 000F 000F 000F 000F 0358 0400 0198 0400 01D8 04A8 000F 000F
0358 0400 0198 0400 01D8 0622 000F 000F 0358 0400 0398 063B 1000 000F 000F 000F
0358 043A 0C00 000F 000F 000F 000F 000F 0358 0400 0198 0400 01D8 0400 000F 000F
0358 0276 02B7 000F 000F 000F 000F 000F 0000 0000 0000 0000 0000 0000 0000 0000
0000 0000 0000 0000 0000 0000 0000 0000 0000 0000 0000 0000 0000 0000 0000 0000
0000 0000 0000 0000 0000 0000 0000 0000 0000 0000 0000 0000 0000 0000 0000 0000
0000 0000 0000 0000 0000 0000 0000 0000 0000 0000 0000 0000 0000 0000 0000 0000
0000 0000 0000 0000 0000 0000 0000 0000 0000 0000 0000 0000 0000 0000 0000 0000
0358 0400 0398 04C1 000F 000F 000F 000F 0358 00E8 0400 000F 000F 000F 000F 000F
0358 0623 000F 000F 000F 000F 000F 000F 0358 0633 1000 000F 000F 000F 000F 000F
0358 043B 0C00 000F 000F 000F 000F 000F 0358 0400 0198 0400 01D8 0400 000F 000F
0358 0443 1676 16B7 000F 000F 000F 000F 0000 0000 0000 0000 0000 0000 0000 0000
0000 0000 0000 0000 0000 0000 0000 0000 0000 0000 0000 0000 0000 0000 0000 0000
0000 0000 0000 0000 0000 0000 0000 0000 0000 0000 0000 0000 0000 0000 0000 0000
0000 0000 0000 0000 0000 0000 0000 0000 0000 0000 0000 0000 0000 0000 0000 0000
0000 0000 0000 0000 0000 0000 0000 0000 0000 0000 0000 0000 0000 0000 0000 0000
0358 0400 00D8 0400 000F 000F 000F 000F 0358 0400 0198 0400 01D8 04E8 000F 000F
0358 0400 0198 0400 01D8 0623 000F 000F 0358 0400 0398 063B 1000 000F 000F 000F
0358 043B 0C00 000F 000F 000F 000F 000F 0358 0400 0198 0400 01D8 0400 000F 000F
0358 0276 02B7 000F 000F 000F 000F 000F 0000 0000 0000 0000 0000 0000 0000 0000
0000 0000 0000 0000 0000 0000 0000 0000 0000 0000 0000 0000 0000 0000 0000 0000
0000 0000 0000 0000 0000 0000 0000 0000 0000 0000 0000 0000 0000 0000 0000 0000
0000 0000 0000 0000 0000 0000 0000 0000 0000 0000 0000 0000 0000 0000 0000 0000
0000 0000 0000 0000 0000 0000 0000 0000 0000 0000 0000 0000 0000 0000 0000 0000
0358 0400 0398 0501 000F 000F 000F 000F 0358 0128 0400 000F 000F 000F 000F 000F
0358 0624 000F 000F 000F 000F 000F 000F 0358 0634 1000 000F 000F 000F 000F 000F
0358 043C 0C00 000F 000F 000F 000F 000F 0358 0400 0198 0400 01D8 0400 000F 000F
0358 0444 1676 16B7 000F 000F 000F 000F 0000 0000 0000 0000 0000 0000 0000 0000
0000 0000 0000 0000 0000 0000 0000 0000 0000 0000 0000 0000 0000 0000 0000 0000
0000 0000 0000 0000 0000 0000 0000 0000 0000 0000 0000 0000 0000 0000 0000 0000
0000 0000 0000 0000 0000 0000 0000 0000 0000 0000 0000 0000 0000 0000 0000 0000
0000 0000 0000 0000 0000 0000 0000 0000 0000 0000 0000 0000 0000 0000 0000 0000
0358 0400 0118 0400 000F 000F 000F 000F 0358 0400 0198 0400 01D8 0528 000F 000F
0358 0400 0198 0400 01D8 0624 000F 000F 0358 0400 0398 063B 1000 000F 000F 000F
0358 043C 0C00 000F 000F 000F 000F 000F 0358 0400 0198 0400 01D8 0400 000F 000F
0358 0276 02B7 000F 000F 000F 000F 000F 0000 0000 0000 0000 0000 0000 0000 0000
0000 0000 0000 0000 0000 0000 0000 0000 0000 0000 0000 0000 0000 0000 0000 0000
0000 0000 0000 0000 0000 0000 0000 0000 0000 0000 0000 0000 0000 0000 0000 0000
0000 0000 0000 0000 0000 0000 0000 0000 0000 0000 0000 0000 0000 0000 0000 0000
0000 0000 0000 0000 0000 0000 0000 0000 0000 0000 0000 0000 0000 0000 0000 0000
0358 0400 0398 0541 000F 000F 000F 000F 0358 0168 0400 000F 000F 000F 000F 000F
0358 0625 000F 000F 000F 000F 000F 000F 0358 0635 1000 000F 000F 000F 000F 000F
0358 043D 0C00 000F 000F 000F 000F 000F 0358 0400 0198 0400 01D8 0400 000F 000F
0358 0445 1676 16B7 000F 000F 000F 000F 0000 0000 0000 0000 0000 0000 0000 0000
0000 0000 0000 0000 0000 0000 0000 0000 0000 0000 0000 0000 0000 0000 0000 0000
0000 0000 0000 0000 0000 0000 0000 0000 0000 0000 0000 0000 0000 0000 0000 0000
0000 0000 0000 0000 0000 0000 0000 0000 0000 0000 0000 0000 0000 0000 0000 0000
0000 0000 0000 0000 0000 0000 0000 0000 0000 0000 0000 0000 0000 0000 0000 0000
0358 0400 0158 0400 000F 000F 000F 000F 0358 0400 0198 0400 01D8 0568 000F 000F
0358 0400 0198 0400 01D8 0625 000F 000F 0358 0400 0398 063B 1000 000F 000F 000F
0358 043D 0C00 000F 000F 000F 000F 000F 0358 0400 0198 0400 01D8 0400 000F 000F
0358 0276 02B7 000F 000F 000F 000F 000F 0000 0000 0000 0000 0000 0000 0000 0000
0000 0000 0000 0000 0000 0000 0000 0000 0000 0000 0000 0000 0000 0000 0000 0000
0000 0000 0000 0000 0000 0000 0000 0000 0000 0000 0000 0000 0000 0000 0000 0000
0000 0000 0000 0000 0000 0000 0000 0000 0000 0000 0000 0000 0000 0000 0000 0000
0000 0000 0000 0000 0000 0000 0000 0000 0000 0000 0000 0000 0000 0000 0000 0000
0358 0400 0398 0581 000F 000F 000F 000F 0358 01A8 0400 000F 000F 000F 000F 000F
0358 0626 000F 000F 000F 000F 000F 000F 0358 0636 1000 000F 000F 000F 000F 000F
0358 043E 0C00 000F 000F 000F 000F 000F 0358 0400 0198 0400 01D8 0400 000F 000F
0358 0466 1676 16B7 000F 000F 000F 000F 0000 0000 0000 0000 0000 0000 0000 0000
0000 0000 0000 0000 0000 0000 0000 0000 0000 0000 0000 0000 0000 0000 0000 0000
0000 0000 0000 0000 0000 0000 0000 0000 0000 0000 0000 0000 0000 0000 0000 0000
0000 0000 0000 0000 0000 0000 0000 0000 0000 0000 0000 0000 0000 0000 0000 0000
0000 0000 0000 0000 0000 0000 0000 0000 0000 0000 0000 0000 0000 0000 0000 0000
0358 0400 0198 0400 000F 000F 000F 000F 0358 0400 0198 0400 01D8 05A8 000F 000F
0358 0400 0198 0400 01D8 0626 000F 000F 0358 0400 0398 063B 1000 000F 000F 000F
0358 043E 0C00 000F 000F 000F 000F 000F 0358 0400 0198 0400 01D8 0400 000F 000F
0358 0276 02B7 000F 000F 000F 000F 000F 0000 0000 0000 0000 0000 0000 0000 0000
0000 0000 0000 0000 0000 0000 0000 0000 0000 0000 0000 0000 0000 0000 0000 0000
0000 0000 0000 0000 0000 0000 0000 0000 0000 0000 0000 0000 0000 0000 0000 0000
0000 0000 0000 0000 0000 0000 0000 0000 0000 0000 0000 0000 0000 0000 0000 0000
0000 0000 0000 0000 0000 0000 0000 0000 0000 0000 0000 0000 0000 0000 0000 0000
0358 0400 0398 05C1 000F 000F 000F 000F 0358 01E8 0400 000F 000F 000F 000F 000F
0358 0627 000F 000F 000F 000F 000F 000F 0358 0637 1000 000F 000F 000F 000F 000F
0358 043F 0C00 000F 000F 000F 000F 000F 0358 0400 0198 0400 01D8 0400 000F 000F
0358 0467 1676 16B7 000F 000F 000F 000F 0000 0000 0000 0000 0000 0000 0000 0000
0000 0000 0000 0000 0000 0000 0000 0000 0000 0000 0000 0000 0000 0000 0000 0000
0000 0000 0000 0000 0000 0000 0000 0000 0000 0000 0000 0000 0000 0000 0000 0000
0000 0000 0000 0000 0000 0000 0000 0000 0000 0000 0000 0000 0000 0000 0000 0000
0000 0000 0000 0000 0000 0000 0000 0000 0000 0000 0000 0000 0000 0000 0000 0000
0358 0400 01D8 0400 000F 000F 000F 000F 0358 0400 0198 0400 01D8 05E8 000F 000F
0358 0400 0198 0400 01D8 0627 000F 000F 0358 0400 0398 063B 1000 000F 000F 000F
0358 043F 0C00 000F 000F 000F 000F 000F 0358 0400 0198 0400 01D8 0400 000F 000F
0358 0276 02B7 000F 000F 000F 000F 000F 0000 0000 0000 0000 0000 0000 0000 0000
0000 0000 0000 0000 0000 0000 0000 0000 0000 0000 0000 0000 0000 0000 0000 0000
0000 0000 0000 0000 0000 0000 0000 0000 0000 0000 0000 0000 0000 0000 0000 0000
0000 0000 0000 0000 0000 0000 0000 0000 0000 0000 0000 0000 0000 0000 0000 0000
0000 0000 0000 0000 0000 0000 0000 0000 0000 0000 0000 0000 0000 0000 0000 0000
0358 0400 0398 0401 000F 000F 000F 000F 0358 0028 0400 000F 000F 000F 000F 000F
0358 0620 000F 000F 000F 000F 000F 000F 0358 0630 1000 000F 000F 000F 000F 000F
0358 0438 0C00 000F 000F 000F 000F 000F 0358 0400 0198 0400 01D8 0400 000F 000F
0358 0440 1676 16B7 000F 000F 000F 000F 0000 0000 0000 0000 0000 0000 0000 0000
0000 0000 0000 0000 0000 0000 0000 0000 0000 0000 0000 0000 0000 0000 0000 0000
0000 0000 0000 0000 0000 0000 0000 0000 0000 0000 0000 0000 0000 0000 0000 0000
0000 0000 0000 0000 0000 0000 0000 0000 0000 0000 0000 0000 0000 0000 0000 0000
0000 0000 0000 0000 0000 0000 0000 0000 0000 0000 0000 0000 0000 0000 0000 0000
0358 0400 0018 0400 000F 000F 000F 000F 0358 0400 0198 0400 01D8 0428 000F 000F
0358 0400 0198 0400 01D8 0620 000F 000F 0358 0400 0398 063B 1000 000F 000F 000F
0358 0438 0C00 000F 000F 000F 000F 000F 0358 0400 0198 0400 01D8 0400 000F 000F
0358 0276 02B7 000F 000F 000F 000F 000F 0000 0000 0000 0000 0000 0000 0000 0000
0000 0000 0000 0000 0000 0000 0000 0000 0000 0000 0000 0000 0000 0000 0000 0000
0000 0000 0000 0000 0000 0000 0000 0000 0000 0000 0000 0000 0000 0000 0000 0000
0000 0000 0000 0000 0000 0000 0000 0000 0000 0000 0000 0000 0000 0000 0000 0000
0000 0000 0000 0000 0000 0000 0000 0000 0000 0000 0000 0000 0000 0000 0000 0000
0358 0400 0398 0442 000F 000F 000F 000F 0358 0068 0400 000F 000F 000F 000F 000F
0358 0621 000F 000F 000F 000F 000F 000F 0358 0631 1000 000F 000F 000F 000F 000F
0358 0439 0C00 000F 000F 000F 000F 000F 0358 0400 0198 0400 01D8 0400 000F 000F
0358 0400 1676 16B7 000F 000F 000F 000F 0000 0000 0000 0000 0000 0000 0000 0000
0000 0000 0000 0000 0000 0000 0000 0000 0000 0000 0000 0000 0000 0000 0000 0000
0000 0000 0000 0000 0000 0000 0000 0000 0000 0000 0000 0000 0000 0000 0000 0000
0000 0000 0000 0000 0000 0000 0000 0000 0000 0000 0000 0000 0000 0000 0000 0000
0000 0000 0000 0000 0000 0000 0000 0000 0000 0000 0000 0000 0000 0000 0000 0000
0358 0400 0058 0400 000F 000F 000F 000F 0358 0400 0198 0400 01D8 0468 000F 000F
0358 0400 0198 0400 01D8 0621 000F 000F 0358 0400 0398 063B 1000 000F 000F 000F
0358 0439 0C00 000F 000F 000F 000F 000F 0358 0400 0198 0400 01D8 0400 000F 000F
0358 0276 02B7 000F 000F 000F 000F 000F 0000 0000 0000 0000 0000 0000 0000 0000
0000 0000 0000 0000 0000 0000 0000 0000 0000 0000 0000 0000 0000 0000 0000 0000
0000 0000 0000 0000 0000 0000 0000 0000 0000 0000 0000 0000 0000 0000 0000 0000
0000 0000 0000 0000 0000 0000 0000 0000 0000 0000 0000 0000 0000 0000 0000 0000
0000 0000 0000 0000 0000 0000 0000 0000 0000 0000 0000 0000 0000 0000 0000 0000
0358 0400 0398 0482 000F 000F 000F 000F 0358 00A8 0400 000F 000F 000F 000F 000F
0358 0622 000F 000F 000F 000F 000F 000F 0358 0632 1000 000F 000F 000F 000F 000F
0358 043A 0C00 000F 000F 000F 000F 000F 0358 0400 0198 0400 01D8 0400 000F 000F
0358 0442 1676 16B7 000F 000F 000F 000F 0000 0000 0000 0000 0000 0000 0000 0000
0000 0000 0000 0000 0000 0000 0000 0000 0000 0000 0000 0000 0000 0000 0000 0000
0000 0000 0000 0000 0000 0000 0000 0000 0000 0000 0000 0000 0000 0000 0000 0000
0000 0000 0000 0000 0000 0000 0000 0000 0000 0000 0000 0000 0000 0000 0000 0000
0000 0000 0000 0000 0000 0000 0000 0000 0000 0000 0000 0000 0000 0000 0000 0000
0358 0400 0098 0400 000F 000F 000F 000F 0358 0400 0198 0400 01D8 04A8 000F 000F
0358 0400 0198 0400 01D8 0622 000F 000F 0358 0400 0398 063B 1000 000F 000F 000F
0358 043A 0C00 000F 000F 000F 000F 000F 0358 0400 0198 0400 01D8 0400 000F 000F
0358 0276 02B7 000F 000F 000F 000F 000F 0000 0000 0000 0000 0000 0000 0000 0000
0000 0000 0000 0000 0000 0000 0000 0000 0000 0000 0000 0000 0000 0000 0000 0000
0000 0000 0000 0000 0000 0000 0000 0000 0000 0000 0000 0000 0000 0000 0000 0000
0000 0000 0000 0000 0000 0000 0000 0000 0000 0000 0000 0000 0000 0000 0000 0000
0000 0000 0000 0000 0000 0000 0000 0000 0000 0000 0000 0000 0000 0000 0000 0000
0358 0400 0398 04C2 000F 000F 000F 000F 0358 00E8 0400 000F 000F 000F 000F 000F
0358 0623 000F 000F 000F 000F 000F 000F 0358 0633 1000 000F 000F 000F 000F 000F
0358 043B 0C00 000F 000F 000F 000F 000F 0358 0400 0198 0400 01D8 0400 000F 000F
0358 0443 1676 16B7 000F 000F 000F 000F 0000 0000 0000 0000 0000 0000 0000 0000
0000 0000 0000 0000 0000 0000 0000 0000 0000 0000 0000 0000 0000 0000 0000 0000
0000 0000 0000 0000 0000 0000 0000 0000 0000 0000 0000 0000 0000 0000 0000 0000
0000 0000 0000 0000 0000 0000 0000 0000 0000 0000 0000 0000 0000 0000 0000 0000
0000 0000 0000 0000 0000 0000 0000 0000 0000 0000 0000 0000 0000 0000 0000 0000
0358 0400 00D8 0400 000F 000F 000F 000F 0358 0400 0198 0400 01D8 04E8 000F 000F
0358 0400 0198 0400 01D8 0623 000F 000F 0358 0400 0398 063B 1000 000F 000F 000F
0358 043B 0C00 000F 000F 000F 000F 000F 0358 0400 0198 0400 01D8 0400 000F 000F
0358 0276 02B7 000F 000F 000F 000F 000F 0000 0000 0000 0000 0000 0000 0000 0000
0000 0000 0000 0000 0000 0000 0000 0000 0000 0000 0000 0000 0000 0000 0000 0000
0000 0000 0000 0000 0000 0000 0000 0000 0000 0000 0000 0000 0000 0000 0000 0000
0000 0000 0000 0000 0000 0000 0000 0000 0000 0000 0000 0000 0000 0000 0000 0000
0000 0000 0000 0000 0000 0000 0000 0000 0000 0000 0000 0000 0000 0000 0000 0000
0358 0400 0398 0502 000F 000F 000F 000F 0358 0128 0400 000F 000F 000F 000F 000F
0358 0624 000F 000F 000F 000F 000F 000F 0358 0634 1000 000F 000F 000F 000F 000F
0358 043C 0C00 000F 000F 000F 000F 000F 0358 0400 0198 0400 01D8 0400 000F 000F
0358 0444 1676 16B7 000F 000F 000F 000F 0000 0000 0000 0000 0000 0000 0000 0000
0000 0000 0000 0000 0000 0000 0000 0000 0000 0000 0000 0000 0000 0000 0000 0000
0000 0000 0000 0000 0000 0000 0000 0000 0000 0000 0000 0000 0000 0000 0000 0000
0000 0000 0000 0000 0000 0000 0000 0000 0000 0000 0000 0000 0000 0000 0000 0000
0000 0000 0000 0000 0000 0000 0000 0000 0000 0000 0000 0000 0000 0000 0000 0000
0358 0400 0118 0400 000F 000F 000F 000F 0358 0400 0198 0400 01D8 0528 000F 000F
0358 0400 0198 0400 01D8 0624 000F 000F 0358 0400 0398 063B 1000 000F 000F 000F
0358 043C 0C00 000F 000F 000F 000F 000F 0358 0400 0198 0400 01D8 0400 000F 000F
0358 0276 02B7 000F 000F 000F 000F 000F 0000 0000 0000 0000 0000 0000 0000 0000
0000 0000 0000 0000 0000 0000 0000 0000 0000 0000 0000 0000 0000 0000 0000 0000
0000 0000 0000 0000 0000 0000 0000 0000 0000 0000 0000 0000 0000 0000 0000 0000
0000 0000 0000 0000 0000 0000 0000 0000 0000 0000 0000 0000 0000 0000 0000 0000
0000 0000 0000 0000 0000 0000 0000 0000 0000 0000 0000 0000 0000 0000 0000 0000
0358 0400 0398 0542 000F 000F 000F 000F 0358 0168 0400 000F 000F 000F 000F 000F
0358 0625 000F 000F 000F 000F 000F 000F 0358 0635 1000 000F 000F 000F 000F 000F
0358 043D 0C00 000F 000F 000F 000F 000F 0358 0400 0198 0400 01D8 0400 000F 000F
0358 0445 1676 16B7 000F 000F 000F 000F 0000 0000 0000 0000 0000 0000 0000 0000
0000 0000 0000 0000 0000 0000 0000 0000 0000 0000 0000 0000 0000 0000 0000 0000
0000 0000 0000 0000 0000 0000 0000 0000 0000 0000 0000 0000 0000 0000 0000 0000
0000 0000 0000 0000 0000 0000 0000 0000 0000 0000 0000 0000 0000 0000 0000 0000
0000 0000 0000 0000 0000 0000 0000 0000 0000 0000 0000 0000 0000 0000 0000 0000
0358 0400 0158 0400 000F 000F 000F 000F 0358 0400 0198 0400 01D8 0568 000F 000F
0358 0400 0198 0400 01D8 0625 000F 000F 0358 0400 0398 063B 1000 000F 000F 000F
0358 043D 0C00 000F 000F 000F 000F 000F 0358 0400 0198 0400 01D8 0400 000F 000F
0358 0276 02B7 000F 000F 000F 000F 000F 0000 0000 0000 0000 0000 0000 0000 0000
0000 0000 0000 0000 0000 0000 0000 0000 0000 0000 0000 0000 0000 0000 0000 0000
0000 0000 0000 0000 0000 0000 0000 0000 0000 0000 0000 0000 0000 0000 0000 0000
0000 0000 0000 0000 0000 0000 0000 0000 0000 0000 0000 0000 0000 0000 0000 0000
0000 0000 0000 0000 0000 0000 0000 0000 0000 0000 0000 0000 0000 0000 0000 0000
0358 0400 0398 0582 000F 000F 000F 000F 0358 01A8 0400 000F 000F 000F 000F 000F
0358 0626 000F 000F 000F 000F 000F 000F 0358 0636 1000 000F 000F 000F 000F 000F
0358 043E 0C00 000F 000F 000F 000F 000F 0358 0400 0198 0400 01D8 0400 000F 000F
0358 0466 1676 16B7 000F 000F 000F 000F 0000 0000 0000 0000 0000 0000 0000 0000
0000 0000 0000 0000 0000 0000 0000 0000 0000 0000 0000 0000 0000 0000 0000 0000
0000 0000 0000 0000 0000 0000 0000 0000 0000 0000 0000 0000 0000 0000 0000 0000
0000 0000 0000 0000 0000 0000 0000 0000 0000 0000 0000 0000 0000 0000 0000 0000
0000 0000 0000 0000 0000 0000 0000 0000 0000 0000 0000 0000 0000 0000 0000 0000
0358 0400 0198 0400 000F 000F 000F 000F 0358 0400 0198 0400 01D8 05A8 000F 000F
0358 0400 0198 0400 01D8 0626 000F 000F 0358 0400 0398 063B 1000 000F 000F 000F
0358 043E 0C00 000F 000F 000F 000F 000F 0358 0400 0198 0400 01D8 0400 000F 000F
0358 0276 02B7 000F 000F 000F 000F 000F 0000 0000 0000 0000 0000 0000 0000 0000
0000 0000 0000 0000 0000 0000 0000 0000 0000 0000 0000 0000 0000 0000 0000 0000
0000 0000 0000 0000 0000 0000 0000 0000 0000 0000 0000 0000 0000 0000 0000 0000
0000 0000 0000 0000 0000 0000 0000 0000 0000 0000 0000 0000 0000 0000 0000 0000
0000 0000 0000 0000 0000 0000 0000 0000 0000 0000 0000 0000 0000 0000 0000 0000
0358 0400 0398 05C2 000F 000F 000F 000F 0358 01E8 0400 000F 000F 000F 000F 000F
0358 0627 000F 000F 000F 000F 000F 000F 0358 0637 1000 000F 000F 000F 000F 000F
0358 043F 0C00 000F 000F 000F 000F 000F 0358 0400 0198 0400 01D8 0400 000F 000F
0358 0467 1676 16B7 000F 000F 000F 000F 0000 0000 0000 0000 0000 0000 0000 0000
0000 0000 0000 0000 0000 0000 0000 0000 0000 0000 0000 0000 0000 0000 0000 0000
0000 0000 0000 0000 0000 0000 0000 0000 0000 0000 0000 0000 0000 0000 0000 0000
0000 0000 0000 0000 0000 0000 0000 0000 0000 0000 0000 0000 0000 0000 0000 0000
0000 0000 0000 0000 0000 0000 0000 0000 0000 0000 0000 0000 0000 0000 0000 0000
0358 0400 01D8 0400 000F 000F 000F 000F 0358 0400 0198 0400 01D8 05E8 000F 000F
0358 0400 0198 0400 01D8 0627 000F 000F 0358 0400 0398 063B 1000 000F 000F 000F
0358 043F 0C00 000F 000F 000F 000F 000F 0358 0400 0198 0400 01D8 0400 000F 000F
0358 0276 02B7 000F 000F 000F 000F 000F 0000 0000 0000 0000 0000 0000 0000 0000
0000 0000 0000 0000 0000 0000 0000 0000 0000 0000 0000 0000 0000 0000 0000 0000
0000 0000 0000 0000 0000 0000 0000 0000 0000 0000 0000 0000 0000 0000 0000 0000
0000 0000 0000 0000 0000 0000 0000 0000 0000 0000 0000 0000 0000 0000 0000 0000
0000 0000 0000 0000 0000 0000 0000 0000 0000 0000 0000 0000 0000 0000 0000 0000
0358 0400 0398 0402 000F 000F 000F 000F 0358 0028 0400 000F 000F 000F 000F 000F
0358 0620 000F 000F 000F 000F 000F 000F 0358 0630 1000 000F 000F 000F 000F 000F
0358 0438 0C00 000F 000F 000F 000F 000F 0358 0400 0198 0400 01D8 0400 000F 000F
0358 0440 1676 16B7 000F 000F 000F 000F 0000 0000 0000 0000 0000 0000 0000 0000
0000 0000 0000 0000 0000 0000 0000 0000 0000 0000 0000 0000 0000 0000 0000 0000
0000 0000 0000 0000 0000 0000 0000 0000 0000 0000 0000 0000 0000 0000 0000 0000
0000 0000 0000 0000 0000 0000 0000 0000 0000 0000 0000 0000 0000 0000 0000 0000
0000 0000 0000 0000 0000 0000 0000 0000 0000 0000 0000 0000 0000 0000 0000 0000
0358 0400 0018 0400 000F 000F 000F 000F 0358 0400 0198 0400 01D8 0428 000F 000F
0358 0400 0198 0400 01D8 0620 000F 000F 0358 0400 0398 063B 1000 000F 000F 000F
0358 0438 0C00 000F 000F 000F 000F 000F 0358 0400 0198 0400 01D8 0400 000F 000F
0358 0276 02B7 000F 000F 000F 000F 000F 0000 0000 0000 0000 0000 0000 0000 0000
0000 0000 0000 0000 0000 0000 0000 0000 0000 0000 0000 0000 0000 0000 0000 0000
0000 0000 0000 0000 0000 0000 0000 0000 0000 0000 0000 0000 0000 0000 0000 0000
0000 0000 0000 0000 0000 0000 0000 0000 0000 0000 0000 0000 0000 0000 0000 0000
0000 0000 0000 0000 0000 0000 0000 0000 0000 0000 0000 0000 0000 0000 0000 0000
0358 0400 0398 0443 000F 000F 000F 000F 0358 0068 0400 000F 000F 000F 000F 000F
0358 0621 000F 000F 000F 000F 000F 000F 0358 0631 1000 000F 000F 000F 000F 000F
0358 0439 0C00 000F 000F 000F 000F 000F 0358 0400 0198 0400 01D8 0400 000F 000F
0358 0400 1676 16B7 000F 000F 000F 000F 0000 0000 0000 0000 0000 0000 0000 0000
0000 0000 0000 0000 0000 0000 0000 0000 0000 0000 0000 0000 0000 0000 0000 0000
0000 0000 0000 0000 0000 0000 0000 0000 0000 0000 0000 0000 0000 0000 0000 0000
0000 0000 0000 0000 0000 0000 0000 0000 0000 0000 0000 0000 0000 0000 0000 0000
0000 0000 0000 0000 0000 0000 0000 0000 0000 0000 0000 0000 0000 0000 0000 0000
0358 0400 0058 0400 000F 000F 000F 000F 0358 0400 0198 0400 01D8 0468 000F 000F
0358 0400 0198 0400 01D8 0621 000F 000F 0358 0400 0398 063B 1000 000F 000F 000F
0358 0439 0C00 000F 000F 000F 000F 000F 0358 0400 0198 0400 01D8 0400 000F 000F
0358 0276 02B7 000F 000F 000F 000F 000F 0000 0000 0000 0000 0000 0000 0000 0000
0000 0000 0000 0000 0000 0000 0000 0000 0000 0000 0000 0000 0000 0000 0000 0000
0000 0000 0000 0000 0000 0000 0000 0000 0000 0000 0000 0000 0000 0000 0000 0000
0000 0000 0000 0000 0000 0000 0000 0000 0000 0000 0000 0000 0000 0000 0000 0000
0000 0000 0000 0000 0000 0000 0000 0000 0000 0000 0000 0000 0000 0000 0000 0000
0358 0400 0398 0483 000F 000F 000F 000F 0358 00A8 0400 000F 000F 000F 000F 000F
0358 0622 000F 000F 000F 000F 000F 000F 0358 0632 1000 000F 000F 000F 000F 000F
0358 043A 0C00 000F 000F 000F 000F 000F 0358 0400 0198 0400 01D8 0400 000F 000F
0358 0442 1676 16B7 000F 000F 000F 000F 0000 0000 0000 0000 0000 0000 0000 0000
0000 0000 0000 0000 0000 0000 0000 0000 0000 0000 0000 0000 0000 0000 0000 0000
0000 0000 0000 0000 0000 0000 0000 0000 0000 0000 0000 0000 0000 0000 0000 0000
0000 0000 0000 0000 0000 0000 0000 0000 0000 0000 0000 0000 0000 0000 0000 0000
0000 0000 0000 0000 0000 0000 0000 0000 0000 0000 0000 0000 0000 0000 0000 0000
0358 0400 0098 0400 000F 000F 000F 000F 0358 0400 0198 0400 01D8 04A8 000F 000F
0358 0400 0198 0400 01D8 0622 000F 000F 0358 0400 0398 063B 1000 000F 000F 000F
0358 043A 0C00 000F 000F 000F 000F 000F 0358 0400 0198 0400 01D8 0400 000F 000F
0358 0276 02B7 000F 000F 000F 000F 000F 0000 0000 0000 0000 0000 0000 0000 0000
0000 0000 0000 0000 0000 0000 0000 0000 0000 0000 0000 0000 0000 0000 0000 0000
0000 0000 0000 0000 0000 0000 0000 0000 0000 0000 0000 0000 0000 0000 0000 0000
0000 0000 0000 0000 0000 0000 0000 0000 0000 0000 0000 0000 0000 0000 0000 0000
0000 0000 0000 0000 0000 0000 0000 0000 0000 0000 0000 0000 0000 0000 0000 0000
0358 0400 0398 04C3 000F 000F 000F 000F 0358 00E8 0400 000F 000F 000F 000F 000F
0358 0623 000F 000F 000F 000F 000F 000F 0358 0633 1000 000F 000F 000F 000F 000F
0358 043B 0C00 000F 000F 000F 000F 000F 0358 0400 0198 0400 01D8 0400 000F 000F
0358 0443 1676 16B7 000F 000F 000F 000F 0000 0000 0000 0000 0000 0000 0000 0000
0000 0000 0000 0000 0000 0000 0000 0000 0000 0000 0000 0000 0000 0000 0000 0000
0000 0000 0000 0000 0000 0000 0000 0000 0000 0000 0000 0000 0000 0000 0000 0000
0000 0000 0000 0000 0000 0000 0000 0000 0000 0000 0000 0000 0000 0000 0000 0000
0000 0000 0000 0000 0000 0000 0000 0000 0000 0000 0000 0000 0000 0000 0000 0000
0358 0400 00D8 0400 000F 000F 000F 000F 0358 0400 0198 0400 01D8 04E8 000F 000F
0358 0400 0198 0400 01D8 0623 000F 000F 0358 0400 0398 063B 1000 000F 000F 000F
0358 043B 0C00 000F 000F 000F 000F 000F 0358 0400 0198 0400 01D8 0400 000F 000F
0358 0276 02B7 000F 000F 000F 000F 000F 0000 0000 0000 0000 0000 0000 0000 0000
0000 0000 0000 0000 0000 0000 0000 0000 0000 0000 0000 0000 0000 0000 0000 0000
0000 0000 0000 0000 0000 0000 0000 0000 0000 0000 0000 0000 0000 0000 0000 0000
0000 0000 0000 0000 0000 0000 0000 0000 0000 0000 0000 0000 0000 0000 0000 0000
0000 0000 0000 0000 0000 0000 0000 0000 0000 0000 0000 0000 0000 0000 0000 0000
0358 0400 0398 0503 000F 000F 000F 000F 0358 0128 0400 000F 000F 000F 000F 000F
0358 0624 000F 000F 000F 000F 000F 000F 0358 0634 1000 000F 000F 000F 000F 000F
0358 043C 0C00 000F 000F 000F 000F 000F 0358 0400 0198 0400 01D8 0400 000F 000F
0358 0444 1676 16B7 000F 000F 000F 000F 0000 0000 0000 0000 0000 0000 0000 0000
0000 0000 0000 0000 0000 0000 0000 0000 0000 0000 0000 0000 0000 0000 0000 0000
0000 0000 0000 0000 0000 0000 0000 0000 0000 0000 0000 0000 0000 0000 0000 0000
0000 0000 0000 0000 0000 0000 0000 0000 0000 0000 0000 0000 0000 0000 0000 0000
0000 0000 0000 0000 0000 0000 0000 0000 0000 0000 0000 0000 0000 0000 0000 0000
0358 0400 0118 0400 000F 000F 000F 000F 0358 0400 0198 0400 01D8 0528 000F 000F
0358 0400 0198 0400 01D8 0624 000F 000F 0358 0400 0398 063B 1000 000F 000F 000F
0358 043C 0C00 000F 000F 000F 000F 000F 0358 0400 0198 0400 01D8 0400 000F 000F
0358 0276 02B7 000F 000F 000F 000F 000F 0000 0000 0000 0000 0000 0000 0000 0000
0000 0000 0000 0000 0000 0000 0000 0000 0000 0000 0000 0000 0000 0000 0000 0000
0000 0000 0000 0000 0000 0000 0000 0000 0000 0000 0000 0000 0000 0000 0000 0000
0000 0000 0000 0000 0000 0000 0000 0000 0000 0000 0000 0000 0000 0000 0000 0000
0000 0000 0000 0000 0000 0000 0000 0000 0000 0000 0000 0000 0000 0000 0000 0000
0358 0400 0398 0543 000F 000F 000F 000F 0358 0168 0400 000F 000F 000F 000F 000F
0358 0625 000F 000F 000F 000F 000F 000F 0358 0635 1000 000F 000F 000F 000F 000F
0358 043D 0C00 000F 000F 000F 000F 000F 0358 0400 0198 0400 01D8 0400 000F 000F
0358 0445 1676 16B7 000F 000F 000F 000F 0000 0000 0000 0000 0000 0000 0000 0000
0000 0000 0000 0000 0000 0000 0000 0000 0000 0000 0000 0000 0000 0000 0000 0000
0000 0000 0000 0000 0000 0000 0000 0000 0000 0000 0000 0000 0000 0000 0000 0000
0000 0000 0000 0000 0000 0000 0000 0000 0000 0000 0000 0000 0000 0000 0000 0000
0000 0000 0000 0000 0000 0000 0000 0000 0000 0000 0000 0000 0000 0000 0000 0000
0358 0400 0158 0400 000F 000F 000F 000F 0358 0400 0198 0400 01D8 0568 000F 000F
0358 0400 0198 0400 01D8 0625 000F 000F 0358 0400 0398 063B 1000 000F 000F 000F
0358 043D 0C00 000F 000F 000F 000F 000F 0358 0400 0198 0400 01D8 0400 000F 000F
0358 0276 02B7 000F 000F 000F 000F 000F 0000 0000 0000 0000 0000 0000 0000 0000
0000 0000 0000 0000 0000 0000 0000 0000 0000 0000 0000 0000 0000 0000 0000 0000
0000 0000 0000 0000 0000 0000 0000 0000 0000 0000 0000 0000 0000 0000 0000 0000
0000 0000 0000 0000 0000 0000 0000 0000 0000 0000 0000 0000 0000 0000 0000 0000
0000 0000 0000 0000 0000 0000 0000 0000 0000 0000 0000 0000 0000 0000 0000 0000
0358 0400 0398 0583 000F 000F 000F 000F 0358 01A8 0400 000F 000F 000F 000F 000F
0358 0626 000F 000F 000F 000F 000F 000F 0358 0636 1000 000F 000F 000F 000F 000F
0358 043E 0C00 000F 000F 000F 000F 000F 0358 0400 0198 0400 01D8 0400 000F 000F
0358 0466 1676 16B7 000F 000F 000F 000F 0000 0000 0000 0000 0000 0000 0000 0000
0000 0000 0000 0000 0000 0000 0000 0000 0000 0000 0000 0000 0000 0000 0000 0000
0000 0000 0000 0000 0000 0000 0000 0000 0000 0000 0000 0000 0000 0000 0000 0000
0000 0000 0000 0000 0000 0000 0000 0000 0000 0000 0000 0000 0000 0000 0000 0000
0000 0000 0000 0000 0000 0000 0000 0000 0000 0000 0000 0000 0000 0000 0000 0000
0358 0400 0198 0400 000F 000F 000F 000F 0358 0400 0198 0400 01D8 05A8 000F 000F
0358 0400 0198 0400 01D8 0626 000F 000F 0358 0400 0398 063B 1000 000F 000F 000F
0358 043E 0C00 000F 000F 000F 000F 000F 0358 0400 0198 0400 01D8 0400 000F 000F
0358 0276 02B7 000F 000F 000F 000F 000F 0000 0000 0000 0000 0000 0000 0000 0000
0000 0000 0000 0000 0000 0000 0000 0000 0000 0000 0000 0000 0000 0000 0000 0000
0000 0000 0000 0000 0000 0000 0000 0000 0000 0000 0000 0000 0000 0000 0000 0000
0000 0000 0000 0000 0000 0000 0000 0000 0000 0000 0000 0000 0000 0000 0000 0000
0000 0000 0000 0000 0000 0000 0000 0000 0000 0000 0000 0000 0000 0000 0000 0000
0358 0400 0398 05C3 000F 000F 000F 000F 0358 01E8 0400 000F 000F 000F 000F 000F
0358 0627 000F 000F 000F 000F 000F 000F 0358 0637 1000 000F 000F 000F 000F 000F
0358 043F 0C00 000F 000F 000F 000F 000F 0358 0400 0198 0400 01D8 0400 000F 000F
0358 0467 1676 16B7 000F 000F 000F 000F 0000 0000 0000 0000 0000 0000 0000 0000
0000 0000 0000 0000 0000 0000 0000 0000 0000 0000 0000 0000 0000 0000 0000 0000
0000 0000 0000 0000 0000 0000 0000 0000 0000 0000 0000 0000 0000 0000 0000 0000
0000 0000 0000 0000 0000 0000 0000 0000 0000 0000 0000 0000 0000 0000 0000 0000
0000 0000 0000 0000 0000 0000 0000 0000 0000 0000 0000 0000 0000 0000 0000 0000
0358 0400 01D8 0400 000F 000F 000F 000F 0358 0400 0198 0400 01D8 05E8 000F 000F
0358 0400 0198 0400 01D8 0627 000F 000F 0358 0400 0398 063B 1000 000F 000F 000F
0358 043F 0C00 000F 000F 000F 000F 000F 0358 0400 0198 0400 01D8 0400 000F 000F
0358 0276 02B7 000F 000F 000F 000F 000F 0000 0000 0000 0000 0000 0000 0000 0000
0000 0000 0000 0000 0000 0000 0000 0000 0000 0000 0000 0000 0000 0000 0000 0000
0000 0000 0000 0000 0000 0000 0000 0000 0000 0000 0000 0000 0000 0000 0000 0000
0000 0000 0000 0000 0000 0000 0000 0000 0000 0000 0000 0000 0000 0000 0000 0000
0000 0000 0000 0000 0000 0000 0000 0000 0000 0000 0000 0000 0000 0000 0000 0000
0358 0400 0398 0403 000F 000F 000F 000F 0358 0028 0400 000F 000F 000F 000F 000F
0358 0620 000F 000F 000F 000F 000F 000F 0358 0630 1000 000F 000F 000F 000F 000F
0358 0438 0C00 000F 000F 000F 000F 000F 0358 0400 0198 0400 01D8 0400 000F 000F
0358 0440 1676 16B7 000F 000F 000F 000F 0000 0000 0000 0000 0000 0000 0000 0000
0000 0000 0000 0000 0000 0000 0000 0000 0000 0000 0000 0000 0000 0000 0000 0000
0000 0000 0000 0000 0000 0000 0000 0000 0000 0000 0000 0000 0000 0000 0000 0000
0000 0000 0000 0000 0000 0000 0000 0000 0000 0000 0000 0000 0000 0000 0000 0000
0000 0000 0000 0000 0000 0000 0000 0000 0000 0000 0000 0000 0000 0000 0000 0000
0358 0400 0018 0400 000F 000F 000F 000F 0358 0400 0198 0400 01D8 0428 000F 000F
0358 0400 0198 0400 01D8 0620 000F 000F 0358 0400 0398 063B 1000 000F 000F 000F
0358 0438 0C00 000F 000F 000F 000F 000F 0358 0400 0198 0400 01D8 0400 000F 000F
0358 0276 02B7 000F 000F 000F 000F 000F 0000 0000 0000 0000 0000 0000 0000 0000
0000 0000 0000 0000 0000 0000 0000 0000 0000 0000 0000 0000 0000 0000 0000 0000
0000 0000 0000 0000 0000 0000 0000 0000 0000 0000 0000 0000 0000 0000 0000 0000
0000 0000 0000 0000 0000 0000 0000 0000 0000 0000 0000 0000 0000 0000 0000 0000
0000 0000 0000 0000 0000 0000 0000 0000 0000 0000 0000 0000 0000 0000 0000 0000
0358 0400 0398 0444 000F 000F 000F 000F 0358 0068 0400 000F 000F 000F 000F 000F
0358 0621 000F 000F 000F 000F 000F 000F 0358 0631 1000 000F 000F 000F 000F 000F
0358 0439 0C00 000F 000F 000F 000F 000F 0358 0400 0198 0400 01D8 0400 000F 000F
0358 0400 1676 16B7 000F 000F 000F 000F 0000 0000 0000 0000 0000 0000 0000 0000
0000 0000 0000 0000 0000 0000 0000 0000 0000 0000 0000 0000 0000 0000 0000 0000
0000 0000 0000 0000 0000 0000 0000 0000 0000 0000 0000 0000 0000 0000 0000 0000
0000 0000 0000 0000 0000 0000 0000 0000 0000 0000 0000 0000 0000 0000 0000 0000
0000 0000 0000 0000 0000 0000 0000 0000 0000 0000 0000 0000 0000 0000 0000 0000
0358 0400 0058 0400 000F 000F 000F 000F 0358 0400 0198 0400 01D8 0468 000F 000F
0358 0400 0198 0400 01D8 0621 000F 000F 0358 0400 0398 063B 1000 000F 000F 000F
0358 0439 0C00 000F 000F 000F 000F 000F 0358 0400 0198 0400 01D8 0400 000F 000F
0358 0276 02B7 000F 000F 000F 000F 000F 0000 0000 0000 0000 0000 0000 0000 0000
0000 0000 0000 0000 0000 0000 0000 0000 0000 0000 0000 0000 0000 0000 0000 0000
0000 0000 0000 0000 0000 0000 0000 0000 0000 0000 0000 0000 0000 0000 0000 0000
0000 0000 0000 0000 0000 0000 0000 0000 0000 0000 0000 0000 0000 0000 0000 0000
0000 0000 0000 0000 0000 0000 0000 0000 0000 0000 0000 0000 0000 0000 0000 0000
0358 0400 0398 0484 000F 000F 000F 000F 0358 00A8 0400 000F 000F 000F 000F 000F
0358 0622 000F 000F 000F 000F 000F 000F 0358 0632 1000 000F 000F 000F 000F 000F
0358 043A 0C00 000F 000F 000F 000F 000F 0358 0400 0198 0400 01D8 0400 000F 000F
0358 0442 1676 16B7 000F 000F 000F 000F 0000 0000 0000 0000 0000 0000 0000 0000
0000 0000 0000 0000 0000 0000 0000 0000 0000 0000 0000 0000 0000 0000 0000 0000
0000 0000 0000 0000 0000 0000 0000 0000 0000 0000 0000 0000 0000 0000 0000 0000
0000 0000 0000 0000 0000 0000 0000 0000 0000 0000 0000 0000 0000 0000 0000 0000
0000 0000 0000 0000 0000 0000 0000 0000 0000 0000 0000 0000 0000 0000 0000 0000
0358 0400 0098 0400 000F 000F 000F 000F 0358 0400 0198 0400 01D8 04A8 000F 000F
0358 0400 0198 0400 01D8 0622 000F 000F 0358 0400 0398 063B 1000 000F 000F 000F
0358 043A 0C00 000F 000F 000F 000F 000F 0358 0400 0198 0400 01D8 0400 000F 000F
0358 0276 02B7 000F 000F 000F 000F 000F 0000 0000 0000 0000 0000 0000 0000 0000
0000 0000 0000 0000 0000 0000 0000 0000 0000 0000 0000 0000 0000 0000 0000 0000
0000 0000 0000 0000 0000 0000 0000 0000 0000 0000 0000 0000 0000 0000 0000 0000
0000 0000 0000 0000 0000 0000 0000 0000 0000 0000 0000 0000 0000 0000 0000 0000
0000 0000 0000 0000 0000 0000 0000 0000 0000 0000 0000 0000 0000 0000 0000 0000
0358 0400 0398 04C4 000F 000F 000F 000F 0358 00E8 0400 000F 000F 000F 000F 000F
0358 0623 000F 000F 000F 000F 000F 000F 0358 0633 1000 000F 000F 000F 000F 000F
0358 043B 0C00 000F 000F 000F 000F 000F 0358 0400 0198 0400 01D8 0400 000F 000F
0358 0443 1676 16B7 000F 000F 000F 000F 0000 0000 0000 0000 0000 0000 0000 0000
0000 0000 0000 0000 0000 0000 0000 0000 0000 0000 0000 0000 0000 0000 0000 0000
0000 0000 0000 0000 0000 0000 0000 0000 0000 0000 0000 0000 0000 0000 0000 0000
0000 0000 0000 0000 0000 0000 0000 0000 0000 0000 0000 0000 0000 0000 0000 0000
0000 0000 0000 0000 0000 0000 0000 0000 0000 0000 0000 0000 0000 0000 0000 0000
0358 0400 00D8 0400 000F 000F 000F 000F 0358 0400 0198 0400 01D8 04E8 000F 000F
0358 0400 0198 0400 01D8 0623 000F 000F 0358 0400 0398 063B 1000 000F 000F 000F
0358 043B 0C00 000F 000F 000F 000F 000F 0358 0400 0198 0400 01D8 0400 000F 000F
0358 0276 02B7 000F 000F 000F 000F 000F 0000 0000 0000 0000 0000 0000 0000 0000
0000 0000 0000 0000 0000 0000 0000 0000 0000 0000 0000 0000 0000 0000 0000 0000
0000 0000 0000 0000 0000 0000 0000 0000 0000 0000 0000 0000 0000 0000 0000 0000
0000 0000 0000 0000 0000 0000 0000 0000 0000 0000 0000 0000 0000 0000 0000 0000
0000 0000 0000 0000 0000 0000 0000 0000 0000 0000 0000 0000 0000 0000 0000 0000
0358 0400 0398 0504 000F 000F 000F 000F 0358 0128 0400 000F 000F 000F 000F 000F
0358 0624 000F 000F 000F 000F 000F 000F 0358 0634 1000 000F 000F 000F 000F 000F
0358 043C 0C00 000F 000F 000F 000F 000F 0358 0400 0198 0400 01D8 0400 000F 000F
0358 0444 1676 16B7 000F 000F 000F 000F 0000 0000 0000 0000 0000 0000 0000 0000
0000 0000 0000 0000 0000 0000 0000 0000 0000 0000 0000 0000 0000 0000 0000 0000
0000 0000 0000 0000 0000 0000 0000 0000 0000 0000 0000 0000 0000 0000 0000 0000
0000 0000 0000 0000 0000 0000 0000 0000 0000 0000 0000 0000 0000 0000 0000 0000
0000 0000 0000 0000 0000 0000 0000 0000 0000 0000 0000 0000 0000 0000 0000 0000
0358 0400 0118 0400 000F 000F 000F 000F 0358 0400 0198 0400 01D8 0528 000F 000F
0358 0400 0198 0400 01D8 0624 000F 000F 0358 0400 0398 063B 1000 000F 000F 000F
0358 043C 0C00 000F 000F 000F 000F 000F 0358 0400 0198 0400 01D8 0400 000F 000F
0358 0276 02B7 000F 000F 000F 000F 000F 0000 0000 0000 0000 0000 0000 0000 0000
0000 0000 0000 0000 0000 0000 0000 0000 0000 0000 0000 0000 0000 0000 0000 0000
0000 0000 0000 0000 0000 0000 0000 0000 0000 0000 0000 0000 0000 0000 0000 0000
0000 0000 0000 0000 0000 0000 0000 0000 0000 0000 0000 0000 0000 0000 0000 0000
0000 0000 0000 0000 0000 0000 0000 0000 0000 0000 0000 0000 0000 0000 0000 0000
0358 0400 0398 0544 000F 000F 000F 000F 0358 0168 0400 000F 000F 000F 000F 000F
0358 0625 000F 000F 000F 000F 000F 000F 0358 0635 1000 000F 000F 000F 000F 000F
0358 043D 0C00 000F 000F 000F 000F 000F 0358 0400 0198 0400 01D8 0400 000F 000F
0358 0445 1676 16B7 000F 000F 000F 000F 0000 0000 0000 0000 0000 0000 0000 0000
0000 0000 0000 0000 0000 0000 0000 0000 0000 0000 0000 0000 0000 0000 0000 0000
0000 0000 0000 0000 0000 0000 0000 0000 0000 0000 0000 0000 0000 0000 0000 0000
0000 0000 0000 0000 0000 0000 0000 0000 0000 0000 0000 0000 0000 0000 0000 0000
0000 0000 0000 0000 0000 0000 0000 0000 0000 0000 0000 0000 0000 0000 0000 0000
0358 0400 0158 0400 000F 000F 000F 000F 0358 0400 0198 0400 01D8 0568 000F 000F
0358 0400 0198 0400 01D8 0625 000F 000F 0358 0400 0398 063B 1000 000F 000F 000F
0358 043D 0C00 000F 000F 000F 000F 000F 0358 0400 0198 0400 01D8 0400 000F 000F
0358 0276 02B7 000F 000F 000F 000F 000F 0000 0000 0000 0000 0000 0000 0000 0000
0000 0000 0000 0000 0000 0000 0000 0000 0000 0000 0000 0000 0000 0000 0000 0000
0000 0000 0000 0000 0000 0000 0000 0000 0000 0000 0000 0000 0000 0000 0000 0000
0000 0000 0000 0000 0000 0000 0000 0000 0000 0000 0000 0000 0000 0000 0000 0000
0000 0000 0000 0000 0000 0000 0000 0000 0000 0000 0000 0000 0000 0000 0000 0000
0358 0400 0398 0584 000F 000F 000F 000F 0358 01A8 0400 000F 000F 000F 000F 000F
0358 0626 000F 000F 000F 000F 000F 000F 0358 0636 1000 000F 000F 000F 000F 000F
0358 043E 0C00 000F 000F 000F 000F 000F 0358 0400 0198 0400 01D8 0400 000F 000F
0358 0466 1676 16B7 000F 000F 000F 000F 0000 0000 0000 0000 0000 0000 0000 0000
0000 0000 0000 0000 0000 0000 0000 0000 0000 0000 0000 0000 0000 0000 0000 0000
0000 0000 0000 0000 0000 0000 0000 0000 0000 0000 0000 0000 0000 0000 0000 0000
0000 0000 0000 0000 0000 0000 0000 0000 0000 0000 0000 0000 0000 0000 0000 0000
0000 0000 0000 0000 0000 0000 0000 0000 0000 0000 0000 0000 0000 0000 0000 0000
0358 0400 0198 0400 000F 000F 000F 000F 0358 0400 0198 0400 01D8 05A8 000F 000F
0358 0400 0198 0400 01D8 0626 000F 000F 0358 0400 0398 063B 1000 000F 000F 000F
0358 043E 0C00 000F 000F 000F 000F 000F 0358 0400 0198 0400 01D8 0400 000F 000F
0358 0276 02B7 000F 000F 000F 000F 000F 0000 0000 0000 0000 0000 0000 0000 0000
0000 0000 0000 0000 0000 0000 0000 0000 0000 0000 0000 0000 0000 0000 0000 0000
0000 0000 0000 0000 0000 0000 0000 0000 0000 0000 0000 0000 0000 0000 0000 0000
0000 0000 0000 0000 0000 0000 0000 0000 0000 0000 0000 0000 0000 0000 0000 0000
0000 0000 0000 0000 0000 0000 0000 0000 0000 0000 0000 0000 0000 0000 0000 0000
0358 0400 0398 05C4 000F 000F 000F 000F 0358 01E8 0400 000F 000F 000F 000F 000F
0358 0627 000F 000F 000F 000F 000F 000F 0358 0637 1000 000F 000F 000F 000F 000F
0358 043F 0C00 000F 000F 000F 000F 000F 0358 0400 0198 0400 01D8 0400 000F 000F
0358 0467 1676 16B7 000F 000F 000F 000F 0000 0000 0000 0000 0000 0000 0000 0000
0000 0000 0000 0000 0000 0000 0000 0000 0000 0000 0000 0000 0000 0000 0000 0000
0000 0000 0000 0000 0000 0000 0000 0000 0000 0000 0000 0000 0000 0000 0000 0000
0000 0000 0000 0000 0000 0000 0000 0000 0000 0000 0000 0000 0000 0000 0000 0000
0000 0000 0000 0000 0000 0000 0000 0000 0000 0000 0000 0000 0000 0000 0000 0000
0358 0400 01D8 0400 000F 000F 000F 000F 0358 0400 0198 0400 01D8 05E8 000F 000F
0358 0400 0198 0400 01D8 0627 000F 000F 0358 0400 0398 063B 1000 000F 000F 000F
0358 043F 0C00 000F 000F 000F 000F 000F 0358 0400 0198 0400 01D8 0400 000F 000F
0358 0276 02B7 000F 000F 000F 000F 000F 0000 0000 0000 0000 0000 0000 0000 0000
0000 0000 0000 0000 0000 0000 0000 0000 0000 0000 0000 0000 0000 0000 0000 0000
0000 0000 0000 0000 0000 0000 0000 0000 0000 0000 0000 0000 0000 0000 0000 0000
0000 0000 0000 0000 0000 0000 0000 0000 0000 0000 0000 0000 0000 0000 0000 0000
0000 0000 0000 0000 0000 0000 0000 0000 0000 0000 0000 0000 0000 0000 0000 0000
0358 0400 0398 0404 000F 000F 000F 000F 0358 0028 0400 000F 000F 000F 000F 000F
0358 0620 000F 000F 000F 000F 000F 000F 0358 0630 1000 000F 000F 000F 000F 000F
0358 0438 0C00 000F 000F 000F 000F 000F 0358 0400 0198 0400 01D8 0400 000F 000F
0358 0440 1676 16B7 000F 000F 000F 000F 0000 0000 0000 0000 0000 0000 0000 0000
0000 0000 0000 0000 0000 0000 0000 0000 0000 0000 0000 0000 0000 0000 0000 0000
0000 0000 0000 0000 0000 0000 0000 0000 0000 0000 0000 0000 0000 0000 0000 0000
0000 0000 0000 0000 0000 0000 0000 0000 0000 0000 0000 0000 0000 0000 0000 0000
0000 0000 0000 0000 0000 0000 0000 0000 0000 0000 0000 0000 0000 0000 0000 0000
0358 0400 0018 0400 000F 000F 000F 000F 0358 0400 0198 0400 01D8 0428 000F 000F
0358 0400 0198 0400 01D8 0620 000F 000F 0358 0400 0398 063B 1000 000F 000F 000F
0358 0438 0C00 000F 000F 000F 000F 000F 0358 0400 0198 0400 01D8 0400 000F 000F
0358 0276 02B7 000F 000F 000F 000F 000F 0000 0000 0000 0000 0000 0000 0000 0000
0000 0000 0000 0000 0000 0000 0000 0000 0000 0000 0000 0000 0000 0000 0000 0000
0000 0000 0000 0000 0000 0000 0000 0000 0000 0000 0000 0000 0000 0000 0000 0000
0000 0000 0000 0000 0000 0000 0000 0000 0000 0000 0000 0000 0000 0000 0000 0000
0000 0000 0000 0000 0000 0000 0000 0000 0000 0000 0000 0000 0000 0000 0000 0000
0358 0400 0398 0445 000F 000F 000F 000F 0358 0068 0400 000F 000F 000F 000F 000F
0358 0621 000F 000F 000F 000F 000F 000F 0358 0631 1000 000F 000F 000F 000F 000F
0358 0439 0C00 000F 000F 000F 000F 000F 0358 0400 0198 0400 01D8 0400 000F 000F
0358 0400 1676 16B7 000F 000F 000F 000F 0000 0000 0000 0000 0000 0000 0000 0000
0000 0000 0000 0000 0000 0000 0000 0000 0000 0000 0000 0000 0000 0000 0000 0000
0000 0000 0000 0000 0000 0000 0000 0000 0000 0000 0000 0000 0000 0000 0000 0000
0000 0000 0000 0000 0000 0000 0000 0000 0000 0000 0000 0000 0000 0000 0000 0000
0000 0000 0000 0000 0000 0000 0000 0000 0000 0000 0000 0000 0000 0000 0000 0000
0358 0400 0058 0400 000F 000F 000F 000F 0358 0400 0198 0400 01D8 0468 000F 000F
0358 0400 0198 0400 01D8 0621 000F 000F 0358 0400 0398 063B 1000 000F 000F 000F
0358 0439 0C00 000F 000F 000F 000F 000F 0358 0400 0198 0400 01D8 0400 000F 000F
0358 0276 02B7 000F 000F 000F 000F 000F 0000 0000 0000 0000 0000 0000 0000 0000
0000 0000 0000 0000 0000 0000 0000 0000 0000 0000 0000 0000 0000 0000 0000 0000
0000 0000 0000 0000 0000 0000 0000 0000 0000 0000 0000 0000 0000 0000 0000 0000
0000 0000 0000 0000 0000 0000 0000 0000 0000 0000 0000 0000 0000 0000 0000 0000
0000 0000 0000 0000 0000 0000 0000 0000 0000 0000 0000 0000 0000 0000 0000 0000
0358 0400 0398 0485 000F 000F 000F 000F 0358 00A8 0400 000F 000F 000F 000F 000F
0358 0622 000F 000F 000F 000F 000F 000F 0358 0632 1000 000F 000F 000F 000F 000F
0358 043A 0C00 000F 000F 000F 000F 000F 0358 0400 0198 0400 01D8 0400 000F 000F
0358 0442 1676 16B7 000F 000F 000F 000F 0000 0000 0000 0000 0000 0000 0000 0000
0000 0000 0000 0000 0000 0000 0000 0000 0000 0000 0000 0000 0000 0000 0000 0000
0000 0000 0000 0000 0000 0000 0000 0000 0000 0000 0000 0000 0000 0000 0000 0000
0000 0000 0000 0000 0000 0000 0000 0000 0000 0000 0000 0000 0000 0000 0000 0000
0000 0000 0000 0000 0000 0000 0000 0000 0000 0000 0000 0000 0000 0000 0000 0000
0358 0400 0098 0400 000F 000F 000F 000F 0358 0400 0198 0400 01D8 04A8 000F 000F
0358 0400 0198 0400 01D8 0622 000F 000F 0358 0400 0398 063B 1000 000F 000F 000F
0358 043A 0C00 000F 000F 000F 000F 000F 0358 0400 0198 0400 01D8 0400 000F 000F
0358 0276 02B7 000F 000F 000F 000F 000F 0000 0000 0000 0000 0000 0000 0000 0000
0000 0000 0000 0000 0000 0000 0000 0000 0000 0000 0000 0000 0000 0000 0000 0000
0000 0000 0000 0000 0000 0000 0000 0000 0000 0000 0000 0000 0000 0000 0000 0000
0000 0000 0000 0000 0000 0000 0000 0000 0000 0000 0000 0000 0000 0000 0000 0000
0000 0000 0000 0000 0000 0000 0000 0000 0000 0000 0000 0000 0000 0000 0000 0000
0358 0400 0398 04C5 000F 000F 000F 000F 0358 00E8 0400 000F 000F 000F 000F 000F
0358 0623 000F 000F 000F 000F 000F 000F 0358 0633 1000 000F 000F 000F 000F 000F
0358 043B 0C00 000F 000F 000F 000F 000F 0358 0400 0198 0400 01D8 0400 000F 000F
0358 0443 1676 16B7 000F 000F 000F 000F 0000 0000 0000 0000 0000 0000 0000 0000
0000 0000 0000 0000 0000 0000 0000 0000 0000 0000 0000 0000 0000 0000 0000 0000
0000 0000 0000 0000 0000 0000 0000 0000 0000 0000 0000 0000 0000 0000 0000 0000
0000 0000 0000 0000 0000 0000 0000 0000 0000 0000 0000 0000 0000 0000 0000 0000
0000 0000 0000 0000 0000 0000 0000 0000 0000 0000 0000 0000 0000 0000 0000 0000
0358 0400 00D8 0400 000F 000F 000F 000F 0358 0400 0198 0400 01D8 04E8 000F 000F
0358 0400 0198 0400 01D8 0623 000F 000F 0358 0400 0398 063B 1000 000F 000F 000F
0358 043B 0C00 000F 000F 000F 000F 000F 0358 0400 0198 0400 01D8 0400 000F 000F
0358 0276 02B7 000F 000F 000F 000F 000F 0000 0000 0000 0000 0000 0000 0000 0000
0000 0000 0000 0000 0000 0000 0000 0000 0000 0000 0000 0000 0000 0000 0000 0000
0000 0000 0000 0000 0000 0000 0000 0000 0000 0000 0000 0000 0000 0000 0000 0000
0000 0000 0000 0000 0000 0000 0000 0000 0000 0000 0000 0000 0000 0000 0000 0000
0000 0000 0000 0000 0000 0000 0000 0000 0000 0000 0000 0000 0000 0000 0000 0000
0358 0400 0398 0505 000F 000F 000F 000F 0358 0128 0400 000F 000F 000F 000F 000F
0358 0624 000F 000F 000F 000F 000F 000F 0358 0634 1000 000F 000F 000F 000F 000F
0358 043C 0C00 000F 000F 000F 000F 000F 0358 0400 0198 0400 01D8 0400 000F 000F
0358 0444 1676 16B7 000F 000F 000F 000F 0000 0000 0000 0000 0000 0000 0000 0000
0000 0000 0000 0000 0000 0000 0000 0000 0000 0000 0000 0000 0000 0000 0000 0000
0000 0000 0000 0000 0000 0000 0000 0000 0000 0000 0000 0000 0000 0000 0000 0000
0000 0000 0000 0000 0000 0000 0000 0000 0000 0000 0000 0000 0000 0000 0000 0000
0000 0000 0000 0000 0000 0000 0000 0000 0000 0000 0000 0000 0000 0000 0000 0000
0358 0400 0118 0400 000F 000F 000F 000F 0358 0400 0198 0400 01D8 0528 000F 000F
0358 0400 0198 0400 01D8 0624 000F 000F 0358 0400 0398 063B 1000 000F 000F 000F
0358 043C 0C00 000F 000F 000F 000F 000F 0358 0400 0198 0400 01D8 0400 000F 000F
0358 0276 02B7 000F 000F 000F 000F 000F 0000 0000 0000 0000 0000 0000 0000 0000
0000 0000 0000 0000 0000 0000 0000 0000 0000 0000 0000 0000 0000 0000 0000 0000
0000 0000 0000 0000 0000 0000 0000 0000 0000 0000 0000 0000 0000 0000 0000 0000
0000 0000 0000 0000 0000 0000 0000 0000 0000 0000 0000 0000 0000 0000 0000 0000
0000 0000 0000 0000 0000 0000 0000 0000 0000 0000 0000 0000 0000 0000 0000 0000
0358 0400 0398 0545 000F 000F 000F 000F 0358 0168 0400 000F 000F 000F 000F 000F
0358 0625 000F 000F 000F 000F 000F 000F 0358 0635 1000 000F 000F 000F 000F 000F
0358 043D 0C00 000F 000F 000F 000F 000F 0358 0400 0198 0400 01D8 0400 000F 000F
0358 0445 1676 16B7 000F 000F 000F 000F 0000 0000 0000 0000 0000 0000 0000 0000
0000 0000 0000 0000 0000 0000 0000 0000 0000 0000 0000 0000 0000 0000 0000 0000
0000 0000 0000 0000 0000 0000 0000 0000 0000 0000 0000 0000 0000 0000 0000 0000
0000 0000 0000 0000 0000 0000 0000 0000 0000 0000 0000 0000 0000 0000 0000 0000
0000 0000 0000 0000 0000 0000 0000 0000 0000 0000 0000 0000 0000 0000 0000 0000
0358 0400 0158 0400 000F 000F 000F 000F 0358 0400 0198 0400 01D8 0568 000F 000F
0358 0400 0198 0400 01D8 0625 000F 000F 0358 0400 0398 063B 1000 000F 000F 000F
0358 043D 0C00 000F 000F 000F 000F 000F 0358 0400 0198 0400 01D8 0400 000F 000F
0358 0276 02B7 000F 000F 000F 000F 000F 0000 0000 0000 0000 0000 0000 0000 0000
0000 0000 0000 0000 0000 0000 0000 0000 0000 0000 0000 0000 0000 0000 0000 0000
0000 0000 0000 0000 0000 0000 0000 0000 0000 0000 0000 0000 0000 0000 0000 0000
0000 0000 0000 0000 0000 0000 0000 0000 0000 0000 0000 0000 0000 0000 0000 0000
0000 0000 0000 0000 0000 0000 0000 0000 0000 0000 0000 0000 0000 0000 0000 0000
0358 0400 0398 0585 000F 000F 000F 000F 0358 01A8 0400 000F 000F 000F 000F 000F
0358 0626 000F 000F 000F 000F 000F 000F 0358 0636 1000 000F 000F 000F 000F 000F
0358 043E 0C00 000F 000F 000F 000F 000F 0358 0400 0198 0400 01D8 0400 000F 000F
0358 0466 1676 16B7 000F 000F 000F 000F 0000 0000 0000 0000 0000 0000 0000 0000
0000 0000 0000 0000 0000 0000 0000 0000 0000 0000 0000 0000 0000 0000 0000 0000
0000 0000 0000 0000 0000 0000 0000 0000 0000 0000 0000 0000 0000 0000 0000 0000
0000 0000 0000 0000 0000 0000 0000 0000 0000 0000 0000 0000 0000 0000 0000 0000
0000 0000 0000 0000 0000 0000 0000 0000 0000 0000 0000 0000 0000 0000 0000 0000
0358 0400 0198 0400 000F 000F 000F 000F 0358 0400 0198 0400 01D8 05A8 000F 000F
0358 0400 0198 0400 01D8 0626 000F 000F 0358 0400 0398 063B 1000 000F 000F 000F
0358 043E 0C00 000F 000F 000F 000F 000F 0358 0400 0198 0400 01D8 0400 000F 000F
0358 0276 02B7 000F 000F 000F 000F 000F 0000 0000 0000 0000 0000 0000 0000 0000
0000 0000 0000 0000 0000 0000 0000 0000 0000 0000 0000 0000 0000 0000 0000 0000
0000 0000 0000 0000 0000 0000 0000 0000 0000 0000 0000 0000 0000 0000 0000 0000
0000 0000 0000 0000 0000 0000 0000 0000 0000 0000 0000 0000 0000 0000 0000 0000
0000 0000 0000 0000 0000 0000 0000 0000 0000 0000 0000 0000 0000 0000 0000 0000
0358 0400 0398 05C5 000F 000F 000F 000F 0358 01E8 0400 000F 000F 000F 000F 000F
0358 0627 000F 000F 000F 000F 000F 000F 0358 0637 1000 000F 000F 000F 000F 000F
0358 043F 0C00 000F 000F 000F 000F 000F 0358 0400 0198 0400 01D8 0400 000F 000F
0358 0467 1676 16B7 000F 000F 000F 000F 0000 0000 0000 0000 0000 0000 0000 0000
0000 0000 0000 0000 0000 0000 0000 0000 0000 0000 0000 0000 0000 0000 0000 0000
0000 0000 0000 0000 0000 0000 0000 0000 0000 0000 0000 0000 0000 0000 0000 0000
0000 0000 0000 0000 0000 0000 0000 0000 0000 0000 0000 0000 0000 0000 0000 0000
0000 0000 0000 0000 0000 0000 0000 0000 0000 0000 0000 0000 0000 0000 0000 0000
0358 0400 01D8 0400 000F 000F 000F 000F 0358 0400 0198 0400 01D8 05E8 000F 000F
0358 0400 0198 0400 01D8 0627 000F 000F 0358 0400 0398 063B 1000 000F 000F 000F
0358 043F 0C00 000F 000F 000F 000F 000F 0358 0400 0198 0400 01D8 0400 000F 000F
0358 0276 02B7 000F 000F 000F 000F 000F 0000 0000 0000 0000 0000 0000 0000 0000
0000 0000 0000 0000 0000 0000 0000 0000 0000 0000 0000 0000 0000 0000 0000 0000
0000 0000 0000 0000 0000 0000 0000 0000 0000 0000 0000 0000 0000 0000 0000 0000
0000 0000 0000 0000 0000 0000 0000 0000 0000 0000 0000 0000 0000 0000 0000 0000
0000 0000 0000 0000 0000 0000 0000 0000 0000 0000 0000 0000 0000 0000 0000 0000
0358 0400 0398 0405 000F 000F 000F 000F 0358 0028 0400 000F 000F 000F 000F 000F
0358 0620 000F 000F 000F 000F 000F 000F 0358 0630 1000 000F 000F 000F 000F 000F
0358 0438 0C00 000F 000F 000F 000F 000F 0358 0400 0198 0400 01D8 0400 000F 000F
0358 0440 1676 16B7 000F 000F 000F 000F 0000 0000 0000 0000 0000 0000 0000 0000
0000 0000 0000 0000 0000 0000 0000 0000 0000 0000 0000 0000 0000 0000 0000 0000
0000 0000 0000 0000 0000 0000 0000 0000 0000 0000 0000 0000 0000 0000 0000 0000
0000 0000 0000 0000 0000 0000 0000 0000 0000 0000 0000 0000 0000 0000 0000 0000
0000 0000 0000 0000 0000 0000 0000 0000 0000 0000 0000 0000 0000 0000 0000 0000
0358 0400 0018 0400 000F 000F 000F 000F 0358 0400 0198 0400 01D8 0428 000F 000F
0358 0400 0198 0400 01D8 0620 000F 000F 0358 0400 0398 063B 1000 000F 000F 000F
0358 0438 0C00 000F 000F 000F 000F 000F 0358 0400 0198 0400 01D8 0400 000F 000F
0358 0276 02B7 000F 000F 000F 000F 000F 0000 0000 0000 0000 0000 0000 0000 0000
0000 0000 0000 0000 0000 0000 0000 0000 0000 0000 0000 0000 0000 0000 0000 0000
0000 0000 0000 0000 0000 0000 0000 0000 0000 0000 0000 0000 0000 0000 0000 0000
0000 0000 0000 0000 0000 0000 0000 0000 0000 0000 0000 0000 0000 0000 0000 0000
0000 0000 0000 0000 0000 0000 0000 0000 0000 0000 0000 0000 0000 0000 0000 0000
0358 0400 0398 0466 000F 000F 000F 000F 0358 0068 0400 000F 000F 000F 000F 000F
0358 0621 000F 000F 000F 000F 000F 000F 0358 0631 1000 000F 000F 000F 000F 000F
0358 0439 0C00 000F 000F 000F 000F 000F 0358 0400 0198 0400 01D8 0400 000F 000F
0358 0400 1676 16B7 000F 000F 000F 000F 0000 0000 0000 0000 0000 0000 0000 0000
0000 0000 0000 0000 0000 0000 0000 0000 0000 0000 0000 0000 0000 0000 0000 0000
0000 0000 0000 0000 0000 0000 0000 0000 0000 0000 0000 0000 0000 0000 0000 0000
0000 0000 0000 0000 0000 0000 0000 0000 0000 0000 0000 0000 0000 0000 0000 0000
0000 0000 0000 0000 0000 0000 0000 0000 0000 0000 0000 0000 0000 0000 0000 0000
0358 0400 0058 0400 000F 000F 000F 000F 0358 0400 0198 0400 01D8 0468 000F 000F
0358 0400 0198 0400 01D8 0621 000F 000F 0358 0400 0398 063B 1000 000F 000F 000F
0358 0439 0C00 000F 000F 000F 000F 000F 0358 0400 0198 0400 01D8 0400 000F 000F
0358 0276 02B7 000F 000F 000F 000F 000F 0000 0000 0000 0000 0000 0000 0000 0000
0000 0000 0000 0000 0000 0000 0000 0000 0000 0000 0000 0000 0000 0000 0000 0000
0000 0000 0000 0000 0000 0000 0000 0000 0000 0000 0000 0000 0000 0000 0000 0000
0000 0000 0000 0000 0000 0000 0000 0000 0000 0000 0000 0000 0000 0000 0000 0000
0000 0000 0000 0000 0000 0000 0000 0000 0000 0000 0000 0000 0000 0000 0000 0000
0358 0400 0398 04A6 000F 000F 000F 000F 0358 00A8 0400 000F 000F 000F 000F 000F
0358 0622 000F 000F 000F 000F 000F 000F 0358 0632 1000 000F 000F 000F 000F 000F
0358 043A 0C00 000F 000F 000F 000F 000F 0358 0400 0198 0400 01D8 0400 000F 000F
0358 0442 1676 16B7 000F 000F 000F 000F 0000 0000 0000 0000 0000 0000 0000 0000
0000 0000 0000 0000 0000 0000 0000 0000 0000 0000 0000 0000 0000 0000 0000 0000
0000 0000 0000 0000 0000 0000 0000 0000 0000 0000 0000 0000 0000 0000 0000 0000
0000 0000 0000 0000 0000 0000 0000 0000 0000 0000 0000 0000 0000 0000 0000 0000
0000 0000 0000 0000 0000 0000 0000 0000 0000 0000 0000 0000 0000 0000 0000 0000
0358 0400 0098 0400 000F 000F 000F 000F 0358 0400 0198 0400 01D8 04A8 000F 000F
0358 0400 0198 0400 01D8 0622 000F 000F 0358 0400 0398 063B 1000 000F 000F 000F
0358 043A 0C00 000F 000F 000F 000F 000F 0358 0400 0198 0400 01D8 0400 000F 000F
0358 0276 02B7 000F 000F 000F 000F 000F 0000 0000 0000 0000 0000 0000 0000 0000
0000 0000 0000 0000 0000 0000 0000 0000 0000 0000 0000 0000 0000 0000 0000 0000
0000 0000 0000 0000 0000 0000 0000 0000 0000 0000 0000 0000 0000 0000 0000 0000
0000 0000 0000 0000 0000 0000 0000 0000 0000 0000 0000 0000 0000 0000 0000 0000
0000 0000 0000 0000 0000 0000 0000 0000 0000 0000 0000 0000 0000 0000 0000 0000
0358 0400 0398 04E6 000F 000F 000F 000F 0358 00E8 0400 000F 000F 000F 000F 000F
0358 0623 000F 000F 000F 000F 000F 000F 0358 0633 1000 000F 000F 000F 000F 000F
0358 043B 0C00 000F 000F 000F 000F 000F 0358 0400 0198 0400 01D8 0400 000F 000F
0358 0443 1676 16B7 000F 000F 000F 000F 0000 0000 0000 0000 0000 0000 0000 0000
0000 0000 0000 0000 0000 0000 0000 0000 0000 0000 0000 0000 0000 0000 0000 0000
0000 0000 0000 0000 0000 0000 0000 0000 0000 0000 0000 0000 0000 0000 0000 0000
0000 0000 0000 0000 0000 0000 0000 0000 0000 0000 0000 0000 0000 0000 0000 0000
0000 0000 0000 0000 0000 0000 0000 0000 0000 0000 0000 0000 0000 0000 0000 0000
0358 0400 00D8 0400 000F 000F 000F 000F 0358 0400 0198 0400 01D8 04E8 000F 000F
0358 0400 0198 0400 01D8 0623 000F 000F 0358 0400 0398 063B 1000 000F 000F 000F
0358 043B 0C00 000F 000F 000F 000F 000F 0358 0400 0198 0400 01D8 0400 000F 000F
0358 0276 02B7 000F 000F 000F 000F 000F 0000 0000 0000 0000 0000 0000 0000 0000
0000 0000 0000 0000 0000 0000 0000 0000 0000 0000 0000 0000 0000 0000 0000 0000
0000 0000 0000 0000 0000 0000 0000 0000 0000 0000 0000 0000 0000 0000 0000 0000
0000 0000 0000 0000 0000 0000 0000 0000 0000 0000 0000 0000 0000 0000 0000 0000
0000 0000 0000 0000 0000 0000 0000 0000 0000 0000 0000 0000 0000 0000 0000 0000
0358 0400 0398 0526 000F 000F 000F 000F 0358 0128 0400 000F 000F 000F 000F 000F
0358 0624 000F 000F 000F 000F 000F 000F 0358 0634 1000 000F 000F 000F 000F 000F
0358 043C 0C00 000F 000F 000F 000F 000F 0358 0400 0198 0400 01D8 0400 000F 000F
0358 0444 1676 16B7 000F 000F 000F 000F 0000 0000 0000 0000 0000 0000 0000 0000
0000 0000 0000 0000 0000 0000 0000 0000 0000 0000 0000 0000 0000 0000 0000 0000
0000 0000 0000 0000 0000 0000 0000 0000 0000 0000 0000 0000 0000 0000 0000 0000
0000 0000 0000 0000 0000 0000 0000 0000 0000 0000 0000 0000 0000 0000 0000 0000
0000 0000 0000 0000 0000 0000 0000 0000 0000 0000 0000 0000 0000 0000 0000 0000
0358 0400 0118 0400 000F 000F 000F 000F 0358 0400 0198 0400 01D8 0528 000F 000F
0358 0400 0198 0400 01D8 0624 000F 000F 0358 0400 0398 063B 1000 000F 000F 000F
0358 043C 0C00 000F 000F 000F 000F 000F 0358 0400 0198 0400 01D8 0400 000F 000F
0358 0276 02B7 000F 000F 000F 000F 000F 0000 0000 0000 0000 0000 0000 0000 0000
0000 0000 0000 0000 0000 0000 0000 0000 0000 0000 0000 0000 0000 0000 0000 0000
0000 0000 0000 0000 0000 0000 0000 0000 0000 0000 0000 0000 0000 0000 0000 0000
0000 0000 0000 0000 0000 0000 0000 0000 0000 0000 0000 0000 0000 0000 0000 0000
0000 0000 0000 0000 0000 0000 0000 0000 0000 0000 0000 0000 0000 0000 0000 0000
0358 0400 0398 0566 000F 000F 000F 000F 0358 0168 0400 000F 000F 000F 000F 000F
0358 0625 000F 000F 000F 000F 000F 000F 0358 0635 1000 000F 000F 000F 000F 000F
0358 043D 0C00 000F 000F 000F 000F 000F 0358 0400 0198 0400 01D8 0400 000F 000F
0358 0445 1676 16B7 000F 000F 000F 000F 0000 0000 0000 0000 0000 0000 0000 0000
0000 0000 0000 0000 0000 0000 0000 0000 0000 0000 0000 0000 0000 0000 0000 0000
0000 0000 0000 0000 0000 0000 0000 0000 0000 0000 0000 0000 0000 0000 0000 0000
0000 0000 0000 0000 0000 0000 0000 0000 0000 0000 0000 0000 0000 0000 0000 0000
0000 0000 0000 0000 0000 0000 0000 0000 0000 0000 0000 0000 0000 0000 0000 0000
0358 0400 0158 0400 000F 000F 000F 000F 0358 0400 0198 0400 01D8 0568 000F 000F
0358 0400 0198 0400 01D8 0625 000F 000F 0358 0400 0398 063B 1000 000F 000F 000F
0358 043D 0C00 000F 000F 000F 000F 000F 0358 0400 0198 0400 01D8 0400 000F 000F
0358 0276 02B7 000F 000F 000F 000F 000F 0000 0000 0000 0000 0000 0000 0000 0000
0000 0000 0000 0000 0000 0000 0000 0000 0000 0000 0000 0000 0000 0000 0000 0000
0000 0000 0000 0000 0000 0000 0000 0000 0000 0000 0000 0000 0000 0000 0000 0000
0000 0000 0000 0000 0000 0000 0000 0000 0000 0000 0000 0000 0000 0000 0000 0000
0000 0000 0000 0000 0000 0000 0000 0000 0000 0000 0000 0000 0000 0000 0000 0000
0358 0400 0398 05A6 000F 000F 000F 000F 0358 01A8 0400 000F 000F 000F 000F 000F
0358 0626 000F 000F 000F 000F 000F 000F 0358 0636 1000 000F 000F 000F 000F 000F
0358 043E 0C00 000F 000F 000F 000F 000F 0358 0400 0198 0400 01D8 0400 000F 000F
0358 0466 1676 16B7 000F 000F 000F 000F 0000 0000 0000 0000 0000 0000 0000 0000
0000 0000 0000 0000 0000 0000 0000 0000 0000 0000 0000 0000 0000 0000 0000 0000
0000 0000 0000 0000 0000 0000 0000 0000 0000 0000 0000 0000 0000 0000 0000 0000
0000 0000 0000 0000 0000 0000 0000 0000 0000 0000 0000 0000 0000 0000 0000 0000
0000 0000 0000 0000 0000 0000 0000 0000 0000 0000 0000 0000 0000 0000 0000 0000
0358 0400 0198 0400 000F 000F 000F 000F 0358 0400 0198 0400 01D8 05A8 000F 000F
0358 0400 0198 0400 01D8 0626 000F 000F 0358 0400 0398 063B 1000 000F 000F 000F
0358 043E 0C00 000F 000F 000F 000F 000F 0358 0400 0198 0400 01D8 0400 000F 000F
0358 0276 02B7 000F 000F 000F 000F 000F 0000 0000 0000 0000 0000 0000 0000 0000
0000 0000 0000 0000 0000 0000 0000 0000 0000 0000 0000 0000 0000 0000 0000 0000
0000 0000 0000 0000 0000 0000 0000 0000 0000 0000 0000 0000 0000 0000 0000 0000
0000 0000 0000 0000 0000 0000 0000 0000 0000 0000 0000 0000 0000 0000 0000 0000
0000 0000 0000 0000 0000 0000 0000 0000 0000 0000 0000 0000 0000 0000 0000 0000
0358 0400 0398 05E6 000F 000F 000F 000F 0358 01E8 0400 000F 000F 000F 000F 000F
0358 0627 000F 000F 000F 000F 000F 000F 0358 0637 1000 000F 000F 000F 000F 000F
0358 043F 0C00 000F 000F 000F 000F 000F 0358 0400 0198 0400 01D8 0400 000F 000F
0358 0467 1676 16B7 000F 000F 000F 000F 0000 0000 0000 0000 0000 0000 0000 0000
0000 0000 0000 0000 0000 0000 0000 0000 0000 0000 0000 0000 0000 0000 0000 0000
0000 0000 0000 0000 0000 0000 0000 0000 0000 0000 0000 0000 0000 0000 0000 0000
0000 0000 0000 0000 0000 0000 0000 0000 0000 0000 0000 0000 0000 0000 0000 0000
0000 0000 0000 0000 0000 0000 0000 0000 0000 0000 0000 0000 0000 0000 0000 0000
0358 0400 01D8 0400 000F 000F 000F 000F 0358 0400 0198 0400 01D8 05E8 000F 000F
0358 0400 0198 0400 01D8 0627 000F 000F 0358 0400 0398 063B 1000 000F 000F 000F
0358 043F 0C00 000F 000F 000F 000F 000F 0358 0400 0198 0400 01D8 0400 000F 000F
0358 0276 02B7 000F 000F 000F 000F 000F 0000 0000 0000 0000 0000 0000 0000 0000
0000 0000 0000 0000 0000 0000 0000 0000 0000 0000 0000 0000 0000 0000 0000 0000
0000 0000 0000 0000 0000 0000 0000 0000 0000 0000 0000 0000 0000 0000 0000 0000
0000 0000 0000 0000 0000 0000 0000 0000 0000 0000 0000 0000 0000 0000 0000 0000
0000 0000 0000 0000 0000 0000 0000 0000 0000 0000 0000 0000 0000 0000 0000 0000
0358 0400 0398 0426 000F 000F 000F 000F 0358 0028 0400 000F 000F 000F 000F 000F
0358 0620 000F 000F 000F 000F 000F 000F 0358 0630 1000 000F 000F 000F 000F 000F
0358 0438 0C00 000F 000F 000F 000F 000F 0358 0400 0198 0400 01D8 0400 000F 000F
0358 0440 1676 16B7 000F 000F 000F 000F 0000 0000 0000 0000 0000 0000 0000 0000
0000 0000 0000 0000 0000 0000 0000 0000 0000 0000 0000 0000 0000 0000 0000 0000
0000 0000 0000 0000 0000 0000 0000 0000 0000 0000 0000 0000 0000 0000 0000 0000
0000 0000 0000 0000 0000 0000 0000 0000 0000 0000 0000 0000 0000 0000 0000 0000
0000 0000 0000 0000 0000 0000 0000 0000 0000 0000 0000 0000 0000 0000 0000 0000
0358 0400 0018 0400 000F 000F 000F 000F 0358 0400 0198 0400 01D8 0428 000F 000F
0358 0400 0198 0400 01D8 0620 000F 000F 0358 0400 0398 063B 1000 000F 000F 000F
0358 0438 0C00 000F 000F 000F 000F 000F 0358 0400 0198 0400 01D8 0400 000F 000F
0358 0276 02B7 000F 000F 000F 000F 000F 0000 0000 0000 0000 0000 0000 0000 0000
0000 0000 0000 0000 0000 0000 0000 0000 0000 0000 0000 0000 0000 0000 0000 0000
0000 0000 0000 0000 0000 0000 0000 0000 0000 0000 0000 0000 0000 0000 0000 0000
0000 0000 0000 0000 0000 0000 0000 0000 0000 0000 0000 0000 0000 0000 0000 0000
0000 0000 0000 0000 0000 0000 0000 0000 0000 0000 0000 0000 0000 0000 0000 0000
0358 0400 0398 0467 000F 000F 000F 000F 0358 0068 0400 000F 000F 000F 000F 000F
0358 0621 000F 000F 000F 000F 000F 000F 0358 0631 1000 000F 000F 000F 000F 000F
0358 0439 0C00 000F 000F 000F 000F 000F 0358 0400 0198 0400 01D8 0400 000F 000F
0358 0400 1676 16B7 000F 000F 000F 000F 0000 0000 0000 0000 0000 0000 0000 0000
0000 0000 0000 0000 0000 0000 0000 0000 0000 0000 0000 0000 0000 0000 0000 0000
0000 0000 0000 0000 0000 0000 0000 0000 0000 0000 0000 0000 0000 0000 0000 0000
0000 0000 0000 0000 0000 0000 0000 0000 0000 0000 0000 0000 0000 0000 0000 0000
0000 0000 0000 0000 0000 0000 0000 0000 0000 0000 0000 0000 0000 0000 0000 0000
0358 0400 0058 0400 000F 000F 000F 000F 0358 0400 0198 0400 01D8 0468 000F 000F
0358 0400 0198 0400 01D8 0621 000F 000F 0358 0400 0398 063B 1000 000F 000F 000F
0358 0439 0C00 000F 000F 000F 000F 000F 0358 0400 0198 0400 01D8 0400 000F 000F
0358 0276 02B7 000F 000F 000F 000F 000F 0000 0000 0000 0000 0000 0000 0000 0000
0000 0000 0000 0000 0000 0000 0000 0000 0000 0000 0000 0000 0000 0000 0000 0000
0000 0000 0000 0000 0000 0000 0000 0000 0000 0000 0000 0000 0000 0000 0000 0000
0000 0000 0000 0000 0000 0000 0000 0000 0000 0000 0000 0000 0000 0000 0000 0000
0000 0000 0000 0000 0000 0000 0000 0000 0000 0000 0000 0000 0000 0000 0000 0000
0358 0400 0398 04A7 000F 000F 000F 000F 0358 00A8 0400 000F 000F 000F 000F 000F
0358 0622 000F 000F 000F 000F 000F 000F 0358 0632 1000 000F 000F 000F 000F 000F
0358 043A 0C00 000F 000F 000F 000F 000F 0358 0400 0198 0400 01D8 0400 000F 000F
0358 0442 1676 16B7 000F 000F 000F 000F 0000 0000 0000 0000 0000 0000 0000 0000
0000 0000 0000 0000 0000 0000 0000 0000 0000 0000 0000 0000 0000 0000 0000 0000
0000 0000 0000 0000 0000 0000 0000 0000 0000 0000 0000 0000 0000 0000 0000 0000
0000 0000 0000 0000 0000 0000 0000 0000 0000 0000 0000 0000 0000 0000 0000 0000
0000 0000 0000 0000 0000 0000 0000 0000 0000 0000 0000 0000 0000 0000 0000 0000
0358 0400 0098 0400 000F 000F 000F 000F 0358 0400 0198 0400 01D8 04A8 000F 000F
0358 0400 0198 0400 01D8 0622 000F 000F 0358 0400 0398 063B 1000 000F 000F 000F
0358 043A 0C00 000F 000F 000F 000F 000F 0358 0400 0198 0400 01D8 0400 000F 000F
0358 0276 02B7 000F 000F 000F 000F 000F 0000 0000 0000 0000 0000 0000 0000 0000
0000 0000 0000 0000 0000 0000 0000 0000 0000 0000 0000 0000 0000 0000 0000 0000
0000 0000 0000 0000 0000 0000 0000 0000 0000 0000 0000 0000 0000 0000 0000 0000
0000 0000 0000 0000 0000 0000 0000 0000 0000 0000 0000 0000 0000 0000 0000 0000
0000 0000 0000 0000 0000 0000 0000 0000 0000 0000 0000 0000 0000 0000 0000 0000
0358 0400 0398 04E7 000F 000F 000F 000F 0358 00E8 0400 000F 000F 000F 000F 000F
0358 0623 000F 000F 000F 000F 000F 000F 0358 0633 1000 000F 000F 000F 000F 000F
0358 043B 0C00 000F 000F 000F 000F 000F 0358 0400 0198 0400 01D8 0400 000F 000F
0358 0443 1676 16B7 000F 000F 000F 000F 0000 0000 0000 0000 0000 0000 0000 0000
0000 0000 0000 0000 0000 0000 0000 0000 0000 0000 0000 0000 0000 0000 0000 0000
0000 0000 0000 0000 0000 0000 0000 0000 0000 0000 0000 0000 0000 0000 0000 0000
0000 0000 0000 0000 0000 0000 0000 0000 0000 0000 0000 0000 0000 0000 0000 0000
0000 0000 0000 0000 0000 0000 0000 0000 0000 0000 0000 0000 0000 0000 0000 0000
0358 0400 00D8 0400 000F 000F 000F 000F 0358 0400 0198 0400 01D8 04E8 000F 000F
0358 0400 0198 0400 01D8 0623 000F 000F 0358 0400 0398 063B 1000 000F 000F 000F
0358 043B 0C00 000F 000F 000F 000F 000F 0358 0400 0198 0400 01D8 0400 000F 000F
0358 0276 02B7 000F 000F 000F 000F 000F 0000 0000 0000 0000 0000 0000 0000 0000
0000 0000 0000 0000 0000 0000 0000 0000 0000 0000 0000 0000 0000 0000 0000 0000
0000 0000 0000 0000 0000 0000 0000 0000 0000 0000 0000 0000 0000 0000 0000 0000
0000 0000 0000 0000 0000 0000 0000 0000 0000 0000 0000 0000 0000 0000 0000 0000
0000 0000 0000 0000 0000 0000 0000 0000 0000 0000 0000 0000 0000 0000 0000 0000
0358 0400 0398 0527 000F 000F 000F 000F 0358 0128 0400 000F 000F 000F 000F 000F
0358 0624 000F 000F 000F 000F 000F 000F 0358 0634 1000 000F 000F 000F 000F 000F
0358 043C 0C00 000F 000F 000F 000F 000F 0358 0400 0198 0400 01D8 0400 000F 000F
0358 0444 1676 16B7 000F 000F 000F 000F 0000 0000 0000 0000 0000 0000 0000 0000
0000 0000 0000 0000 0000 0000 0000 0000 0000 0000 0000 0000 0000 0000 0000 0000
0000 0000 0000 0000 0000 0000 0000 0000 0000 0000 0000 0000 0000 0000 0000 0000
0000 0000 0000 0000 0000 0000 0000 0000 0000 0000 0000 0000 0000 0000 0000 0000
0000 0000 0000 0000 0000 0000 0000 0000 0000 0000 0000 0000 0000 0000 0000 0000
0358 0400 0118 0400 000F 000F 000F 000F 0358 0400 0198 0400 01D8 0528 000F 000F
0358 0400 0198 0400 01D8 0624 000F 000F 0358 0400 0398 063B 1000 000F 000F 000F
0358 043C 0C00 000F 000F 000F 000F 000F 0358 0400 0198 0400 01D8 0400 000F 000F
0358 0276 02B7 000F 000F 000F 000F 000F 0000 0000 0000 0000 0000 0000 0000 0000
0000 0000 0000 0000 0000 0000 0000 0000 0000 0000 0000 0000 0000 0000 0000 0000
0000 0000 0000 0000 0000 0000 0000 0000 0000 0000 0000 0000 0000 0000 0000 0000
0000 0000 0000 0000 0000 0000 0000 0000 0000 0000 0000 0000 0000 0000 0000 0000
0000 0000 0000 0000 0000 0000 0000 0000 0000 0000 0000 0000 0000 0000 0000 0000
0358 0400 0398 0567 000F 000F 000F 000F 0358 0168 0400 000F 000F 000F 000F 000F
0358 0625 000F 000F 000F 000F 000F 000F 0358 0635 1000 000F 000F 000F 000F 000F
0358 043D 0C00 000F 000F 000F 000F 000F 0358 0400 0198 0400 01D8 0400 000F 000F
0358 0445 1676 16B7 000F 000F 000F 000F 0000 0000 0000 0000 0000 0000 0000 0000
0000 0000 0000 0000 0000 0000 0000 0000 0000 0000 0000 0000 0000 0000 0000 0000
0000 0000 0000 0000 0000 0000 0000 0000 0000 0000 0000 0000 0000 0000 0000 0000
0000 0000 0000 0000 0000 0000 0000 0000 0000 0000 0000 0000 0000 0000 0000 0000
0000 0000 0000 0000 0000 0000 0000 0000 0000 0000 0000 0000 0000 0000 0000 0000
0358 0400 0158 0400 000F 000F 000F 000F 0358 0400 0198 0400 01D8 0568 000F 000F
0358 0400 0198 0400 01D8 0625 000F 000F 0358 0400 0398 063B 1000 000F 000F 000F
0358 043D 0C00 000F 000F 000F 000F 000F 0358 0400 0198 0400 01D8 0400 000F 000F
0358 0276 02B7 000F 000F 000F 000F 000F 0000 0000 0000 0000 0000 0000 0000 0000
0000 0000 0000 0000 0000 0000 0000 0000 0000 0000 0000 0000 0000 0000 0000 0000
0000 0000 0000 0000 0000 0000 0000 0000 0000 0000 0000 0000 0000 0000 0000 0000
0000 0000 0000 0000 0000 0000 0000 0000 0000 0000 0000 0000 0000 0000 0000 0000
0000 0000 0000 0000 0000 0000 0000 0000 0000 0000 0000 0000 0000 0000 0000 0000
0358 0400 0398 05A7 000F 000F 000F 000F 0358 01A8 0400 000F 000F 000F 000F 000F
0358 0626 000F 000F 000F 000F 000F 000F 0358 0636 1000 000F 000F 000F 000F 000F
0358 043E 0C00 000F 000F 000F 000F 000F 0358 0400 0198 0400 01D8 0400 000F 000F
0358 0466 1676 16B7 000F 000F 000F 000F 0000 0000 0000 0000 0000 0000 0000 0000
0000 0000 0000 0000 0000 0000 0000 0000 0000 0000 0000 0000 0000 0000 0000 0000
0000 0000 0000 0000 0000 0000 0000 0000 0000 0000 0000 0000 0000 0000 0000 0000
0000 0000 0000 0000 0000 0000 0000 0000 0000 0000 0000 0000 0000 0000 0000 0000
0000 0000 0000 0000 0000 0000 0000 0000 0000 0000 0000 0000 0000 0000 0000 0000
0358 0400 0198 0400 000F 000F 000F 000F 0358 0400 0198 0400 01D8 05A8 000F 000F
0358 0400 0198 0400 01D8 0626 000F 000F 0358 0400 0398 063B 1000 000F 000F 000F
0358 043E 0C00 000F 000F 000F 000F 000F 0358 0400 0198 0400 01D8 0400 000F 000F
0358 0276 02B7 000F 000F 000F 000F 000F 0000 0000 0000 0000 0000 0000 0000 0000
0000 0000 0000 0000 0000 0000 0000 0000 0000 0000 0000 0000 0000 0000 0000 0000
0000 0000 0000 0000 0000 0000 0000 0000 0000 0000 0000 0000 0000 0000 0000 0000
0000 0000 0000 0000 0000 0000 0000 0000 0000 0000 0000 0000 0000 0000 0000 0000
0000 0000 0000 0000 0000 0000 0000 0000 0000 0000 0000 0000 0000 0000 0000 0000
0358 0400 0398 05E7 000F 000F 000F 000F 0358 01E8 0400 000F 000F 000F 000F 000F
0358 0627 000F 000F 000F 000F 000F 000F 0358 0637 1000 000F 000F 000F 000F 000F
0358 043F 0C00 000F 000F 000F 000F 000F 0358 0400 0198 0400 01D8 0400 000F 000F
0358 0467 1676 16B7 000F 000F 000F 000F 0000 0000 0000 0000 0000 0000 0000 0000
0000 0000 0000 0000 0000 0000 0000 0000 0000 0000 0000 0000 0000 0000 0000 0000
0000 0000 0000 0000 0000 0000 0000 0000 0000 0000 0000 0000 0000 0000 0000 0000
0000 0000 0000 0000 0000 0000 0000 0000 0000 0000 0000 0000 0000 0000 0000 0000
0000 0000 0000 0000 0000 0000 0000 0000 0000 0000 0000 0000 0000 0000 0000 0000
0358 0400 01D8 0400 000F 000F 000F 000F 0358 0400 0198 0400 01D8 05E8 000F 000F
0358 0400 0198 0400 01D8 0627 000F 000F 0358 0400 0398 063B 1000 000F 000F 000F
0358 043F 0C00 000F 000F 000F 000F 000F 0358 0400 0198 0400 01D8 0400 000F 000F
0358 0276 02B7 000F 000F 000F 000F 000F 0000 0000 0000 0000 0000 0000 0000 0000
0000 0000 0000 0000 0000 0000 0000 0000 0000 0000 0000 0000 0000 0000 0000 0000
0000 0000 0000 0000 0000 0000 0000 0000 0000 0000 0000 0000 0000 0000 0000 0000
0000 0000 0000 0000 0000 0000 0000 0000 0000 0000 0000 0000 0000 0000 0000 0000
0000 0000 0000 0000 0000 0000 0000 0000 0000 0000 0000 0000 0000 0000 0000 0000
0358 0400 0398 0427 000F 000F 000F 000F 0358 0028 0400 000F 000F 000F 000F 000F
0358 0620 000F 000F 000F 000F 000F 000F 0358 0630 1000 000F 000F 000F 000F 000F
0358 0438 0C00 000F 000F 000F 000F 000F 0358 0400 0198 0400 01D8 0400 000F 000F
0358 0440 1676 16B7 000F 000F 000F 000F 0000 0000 0000 0000 0000 0000 0000 0000
0000 0000 0000 0000 0000 0000 0000 0000 0000 0000 0000 0000 0000 0000 0000 0000
0000 0000 0000 0000 0000 0000 0000 0000 0000 0000 0000 0000 0000 0000 0000 0000
0000 0000 0000 0000 0000 0000 0000 0000 0000 0000 0000 0000 0000 0000 0000 0000
0000 0000 0000 0000 0000 0000 0000 0000 0000 0000 0000 0000 0000 0000 0000 0000
0358 0400 0018 0400 000F 000F 000F 000F 0358 0400 0198 0400 01D8 0428 000F 000F
0358 0400 0198 0400 01D8 0620 000F 000F 0358 0400 0398 063B 1000 000F 000F 000F
0358 0438 0C00 000F 000F 000F 000F 000F 0358 0400 0198 0400 01D8 0400 000F 000F
0358 0276 02B7 000F 000F 000F 000F 000F 0000 0000 0000 0000 0000 0000 0000 0000
0000 0000 0000 0000 0000 0000 0000 0000 0000 0000 0000 0000 0000 0000 0000 0000
0000 0000 0000 0000 0000 0000 0000 0000 0000 0000 0000 0000 0000 0000 0000 0000
0000 0000 0000 0000 0000 0000 0000 0000 0000 0000 0000 0000 0000 0000 0000 0000
0000 0000 0000 0000 0000 0000 0000 0000 0000 0000 0000 0000 0000 0000 0000 0000
0358 0400 0398 0440 000F 000F 000F 000F 0358 0068 0400 000F 000F 000F 000F 000F
0358 0621 000F 000F 000F 000F 000F 000F 0358 0631 1000 000F 000F 000F 000F 000F
0358 0439 0C00 000F 000F 000F 000F 000F 0358 0400 0198 0400 01D8 0400 000F 000F
0358 0400 1676 16B7 000F 000F 000F 000F 0000 0000 0000 0000 0000 0000 0000 0000
0000 0000 0000 0000 0000 0000 0000 0000 0000 0000 0000 0000 0000 0000 0000 0000
0000 0000 0000 0000 0000 0000 0000 0000 0000 0000 0000 0000 0000 0000 0000 0000
0000 0000 0000 0000 0000 0000 0000 0000 0000 0000 0000 0000 0000 0000 0000 0000
0000 0000 0000 0000 0000 0000 0000 0000 0000 0000 0000 0000 0000 0000 0000 0000
0358 0400 0058 0400 000F 000F 000F 000F 0358 0400 0198 0400 01D8 0468 000F 000F
0358 0400 0198 0400 01D8 0621 000F 000F 0358 0400 0398 063B 1000 000F 000F 000F
0358 0439 0C00 000F 000F 000F 000F 000F 0358 0400 0198 0400 01D8 0400 000F 000F
0358 0276 02B7 000F 000F 000F 000F 000F 0000 0000 0000 0000 0000 0000 0000 0000
0000 0000 0000 0000 0000 0000 0000 0000 0000 0000 0000 0000 0000 0000 0000 0000
0000 0000 0000 0000 0000 0000 0000 0000 0000 0000 0000 0000 0000 0000 0000 0000
0000 0000 0000 0000 0000 0000 0000 0000 0000 0000 0000 0000 0000 0000 0000 0000
0000 0000 0000 0000 0000 0000 0000 0000 0000 0000 0000 0000 0000 0000 0000 0000
0358 0400 0398 0480 000F 000F 000F 000F 0358 00A8 0400 000F 000F 000F 000F 000F
0358 0622 000F 000F 000F 000F 000F 000F 0358 0632 1000 000F 000F 000F 000F 000F
0358 043A 0C00 000F 000F 000F 000F 000F 0358 0400 0198 0400 01D8 0400 000F 000F
0358 0442 1676 16B7 000F 000F 000F 000F 0000 0000 0000 0000 0000 0000 0000 0000
0000 0000 0000 0000 0000 0000 0000 0000 0000 0000 0000 0000 0000 0000 0000 0000
0000 0000 0000 0000 0000 0000 0000 0000 0000 0000 0000 0000 0000 0000 0000 0000
0000 0000 0000 0000 0000 0000 0000 0000 0000 0000 0000 0000 0000 0000 0000 0000
0000 0000 0000 0000 0000 0000 0000 0000 0000 0000 0000 0000 0000 0000 0000 0000
0358 0400 0098 0400 000F 000F 000F 000F 0358 0400 0198 0400 01D8 04A8 000F 000F
0358 0400 0198 0400 01D8 0622 000F 000F 0358 0400 0398 063B 1000 000F 000F 000F
0358 043A 0C00 000F 000F 000F 000F 000F 0358 0400 0198 0400 01D8 0400 000F 000F
0358 0276 02B7 000F 000F 000F 000F 000F 0000 0000 0000 0000 0000 0000 0000 0000
0000 0000 0000 0000 0000 0000 0000 0000 0000 0000 0000 0000 0000 0000 0000 0000
0000 0000 0000 0000 0000 0000 0000 0000 0000 0000 0000 0000 0000 0000 0000 0000
0000 0000 0000 0000 0000 0000 0000 0000 0000 0000 0000 0000 0000 0000 0000 0000
0000 0000 0000 0000 0000 0000 0000 0000 0000 0000 0000 0000 0000 0000 0000 0000
0358 0400 0398 04C0 000F 000F 000F 000F 0358 00E8 0400 000F 000F 000F 000F 000F
0358 0623 000F 000F 000F 000F 000F 000F 0358 0633 1000 000F 000F 000F 000F 000F
0358 043B 0C00 000F 000F 000F 000F 000F 0358 0400 0198 0400 01D8 0400 000F 000F
0358 0443 1676 16B7 000F 000F 000F 000F 0000 0000 0000 0000 0000 0000 0000 0000
0000 0000 0000 0000 0000 0000 0000 0000 0000 0000 0000 0000 0000 0000 0000 0000
0000 0000 0000 0000 0000 0000 0000 0000 0000 0000 0000 0000 0000 0000 0000 0000
0000 0000 0000 0000 0000 0000 0000 0000 0000 0000 0000 0000 0000 0000 0000 0000
0000 0000 0000 0000 0000 0000 0000 0000 0000 0000 0000 0000 0000 0000 0000 0000
0358 0400 00D8 0400 000F 000F 000F 000F 0358 0400 0198 0400 01D8 04E8 000F 000F
0358 0400 0198 0400 01D8 0623 000F 000F 0358 0400 0398 063B 1000 000F 000F 000F
0358 043B 0C00 000F 000F 000F 000F 000F 0358 0400 0198 0400 01D8 0400 000F 000F
0358 0276 02B7 000F 000F 000F 000F 000F 0000 0000 0000 0000 0000 0000 0000 0000
0000 0000 0000 0000 0000 0000 0000 0000 0000 0000 0000 0000 0000 0000 0000 0000
0000 0000 0000 0000 0000 0000 0000 0000 0000 0000 0000 0000 0000 0000 0000 0000
0000 0000 0000 0000 0000 0000 0000 0000 0000 0000 0000 0000 0000 0000 0000 0000
0000 0000 0000 0000 0000 0000 0000 0000 0000 0000 0000 0000 0000 0000 0000 0000
0358 0400 0398 0500 000F 000F 000F 000F 0358 0128 0400 000F 000F 000F 000F 000F
0358 0624 000F 000F 000F 000F 000F 000F 0358 0634 1000 000F 000F 000F 000F 000F
0358 043C 0C00 000F 000F 000F 000F 000F 0358 0400 0198 0400 01D8 0400 000F 000F
0358 0444 1676 16B7 000F 000F 000F 000F 0000 0000 0000 0000 0000 0000 0000 0000
0000 0000 0000 0000 0000 0000 0000 0000 0000 0000 0000 0000 0000 0000 0000 0000
0000 0000 0000 0000 0000 0000 0000 0000 0000 0000 0000 0000 0000 0000 0000 0000
0000 0000 0000 0000 0000 0000 0000 0000 0000 0000 0000 0000 0000 0000 0000 0000
0000 0000 0000 0000 0000 0000 0000 0000 0000 0000 0000 0000 0000 0000 0000 0000
0358 0400 0118 0400 000F 000F 000F 000F 0358 0400 0198 0400 01D8 0528 000F 000F
0358 0400 0198 0400 01D8 0624 000F 000F 0358 0400 0398 063B 1000 000F 000F 000F
0358 043C 0C00 000F 000F 000F 000F 000F 0358 0400 0198 0400 01D8 0400 000F 000F
0358 0276 02B7 000F 000F 000F 000F 000F 0000 0000 0000 0000 0000 0000 0000 0000
0000 0000 0000 0000 0000 0000 0000 0000 0000 0000 0000 0000 0000 0000 0000 0000
0000 0000 0000 0000 0000 0000 0000 0000 0000 0000 0000 0000 0000 0000 0000 0000
0000 0000 0000 0000 0000 0000 0000 0000 0000 0000 0000 0000 0000 0000 0000 0000
0000 0000 0000 0000 0000 0000 0000 0000 0000 0000 0000 0000 0000 0000 0000 0000
0358 0400 0398 0540 000F 000F 000F 000F 0358 0168 0400 000F 000F 000F 000F 000F
0358 0625 000F 000F 000F 000F 000F 000F 0358 0635 1000 000F 000F 000F 000F 000F
0358 043D 0C00 000F 000F 000F 000F 000F 0358 0400 0198 0400 01D8 0400 000F 000F
0358 0445 1676 16B7 000F 000F 000F 000F 0000 0000 0000 0000 0000 0000 0000 0000
0000 0000 0000 0000 0000 0000 0000 0000 0000 0000 0000 0000 0000 0000 0000 0000
0000 0000 0000 0000 0000 0000 0000 0000 0000 0000 0000 0000 0000 0000 0000 0000
0000 0000 0000 0000 0000 0000 0000 0000 0000 0000 0000 0000 0000 0000 0000 0000
0000 0000 0000 0000 0000 0000 0000 0000 0000 0000 0000 0000 0000 0000 0000 0000
0358 0400 0158 0400 000F 000F 000F 000F 0358 0400 0198 0400 01D8 0568 000F 000F
0358 0400 0198 0400 01D8 0625 000F 000F 0358 0400 0398 063B 1000 000F 000F 000F
0358 043D 0C00 000F 000F 000F 000F 000F 0358 0400 0198 0400 01D8 0400 000F 000F
0358 0276 02B7 000F 000F 000F 000F 000F 0000 0000 0000 0000 0000 0000 0000 0000
0000 0000 0000 0000 0000 0000 0000 0000 0000 0000 0000 0000 0000 0000 0000 0000
0000 0000 0000 0000 0000 0000 0000 0000 0000 0000 0000 0000 0000 0000 0000 0000
0000 0000 0000 0000 0000 0000 0000 0000 0000 0000 0000 0000 0000 0000 0000 0000
0000 0000 0000 0000 0000 0000 0000 0000 0000 0000 0000 0000 0000 0000 0000 0000
0358 0400 0398 0580 000F 000F 000F 000F 0358 01A8 0400 000F 000F 000F 000F 000F
0358 0626 000F 000F 000F 000F 000F 000F 0358 0636 1000 000F 000F 000F 000F 000F
0358 043E 0C00 000F 000F 000F 000F 000F 0358 0400 0198 0400 01D8 0400 000F 000F
0358 0466 1676 16B7 000F 000F 000F 000F 0000 0000 0000 0000 0000 0000 0000 0000
0000 0000 0000 0000 0000 0000 0000 0000 0000 0000 0000 0000 0000 0000 0000 0000
0000 0000 0000 0000 0000 0000 0000 0000 0000 0000 0000 0000 0000 0000 0000 0000
0000 0000 0000 0000 0000 0000 0000 0000 0000 0000 0000 0000 0000 0000 0000 0000
0000 0000 0000 0000 0000 0000 0000 0000 0000 0000 0000 0000 0000 0000 0000 0000
0358 0400 0198 0400 000F 000F 000F 000F 0358 0400 0198 0400 01D8 05A8 000F 000F
0358 0400 0198 0400 01D8 0626 000F 000F 0358 0400 0398 063B 1000 000F 000F 000F
0358 043E 0C00 000F 000F 000F 000F 000F 0358 0400 0198 0400 01D8 0400 000F 000F
0358 0276 02B7 000F 000F 000F 000F 000F 0000 0000 0000 0000 0000 0000 0000 0000
0000 0000 0000 0000 0000 0000 0000 0000 0000 0000 0000 0000 0000 0000 0000 0000
0000 0000 0000 0000 0000 0000 0000 0000 0000 0000 0000 0000 0000 0000 0000 0000
0000 0000 0000 0000 0000 0000 0000 0000 0000 0000 0000 0000 0000 0000 0000 0000
0000 0000 0000 0000 0000 0000 0000 0000 0000 0000 0000 0000 0000 0000 0000 0000
0358 0400 0398 05C0 000F 000F 000F 000F 0358 01E8 0400 000F 000F 000F 000F 000F
0358 0627 000F 000F 000F 000F 000F 000F 0358 0637 1000 000F 000F 000F 000F 000F
0358 043F 0C00 000F 000F 000F 000F 000F 0358 0400 0198 0400 01D8 0400 000F 000F
0358 0467 1676 16B7 000F 000F 000F 000F 0000 0000 0000 0000 0000 0000 0000 0000
0000 0000 0000 0000 0000 0000 0000 0000 0000 0000 0000 0000 0000 0000 0000 0000
0000 0000 0000 0000 0000 0000 0000 0000 0000 0000 0000 0000 0000 0000 0000 0000
0000 0000 0000 0000 0000 0000 0000 0000 0000 0000 0000 0000 0000 0000 0000 0000
0000 0000 0000 0000 0000 0000 0000 0000 0000 0000 0000 0000 0000 0000 0000 0000
0358 0400 01D8 0400 000F 000F 000F 000F 0358 0400 0198 0400 01D8 05E8 000F 000F
0358 0400 0198 0400 01D8 0627 000F 000F 0358 0400 0398 063B 1000 000F 000F 000F
0358 043F 0C00 000F 000F 000F 000F 000F 0358 0400 0198 0400 01D8 0400 000F 000F
0358 0276 02B7 000F 000F 000F 000F 000F 0000 0000 0000 0000 0000 0000 0000 0000
0000 0000 0000 0000 0000 0000 0000 0000 0000 0000 0000 0000 0000 0000 0000 0000
0000 0000 0000 0000 0000 0000 0000 0000 0000 0000 0000 0000 0000 0000 0000 0000
0000 0000 0000 0000 0000 0000 0000 0000 0000 0000 0000 0000 0000 0000 0000 0000
0000 0000 0000 0000 0000 0000 0000 0000 0000 0000 0000 0000 0000 0000 0000 0000
0358 0400 0398 0400 000F 000F 000F 000F 0358 0028 0400 000F 000F 000F 000F 000F
0358 0620 000F 000F 000F 000F 000F 000F 0358 0630 1000 000F 000F 000F 000F 000F
0358 0438 0C00 000F 000F 000F 000F 000F 0358 0400 0198 0400 01D8 0400 000F 000F
0358 0440 1676 16B7 000F 000F 000F 000F 0000 0000 0000 0000 0000 0000 0000 0000
0000 0000 0000 0000 0000 0000 0000 0000 0000 0000 0000 0000 0000 0000 0000 0000
0000 0000 0000 0000 0000 0000 0000 0000 0000 0000 0000 0000 0000 0000 0000 0000
0000 0000 0000 0000 0000 0000 0000 0000 0000 0000 0000 0000 0000 0000 0000 0000
0000 0000 0000 0000 0000 0000 0000 0000 0000 0000 0000 0000 0000 0000 0000 0000
0358 0400 0018 0400 000F 000F 000F 000F 0358 0400 0198 0400 01D8 0428 000F 000F
0358 0400 0198 0400 01D8 0620 000F 000F 0358 0400 0398 063B 1000 000F 000F 000F
0358 0438 0C00 000F 000F 000F 000F 000F 0358 0400 0198 0400 01D8 0400 000F 000F
0358 0276 02B7 000F 000F 000F 000F 000F 0000 0000 0000 0000 0000 0000 0000 0000
0000 0000 0000 0000 0000 0000 0000 0000 0000 0000 0000 0000 0000 0000 0000 0000
0000 0000 0000 0000 0000 0000 0000 0000 0000 0000 0000 0000 0000 0000 0000 0000
0000 0000 0000 0000 0000 0000 0000 0000 0000 0000 0000 0000 0000 0000 0000 0000
0000 0000 0000 0000 0000 0000 0000 0000 0000 0000 0000 0000 0000 0000 0000 0000
