v3.0 hex words plain
3C 42 46 5A 62 42 3C 00 08 18 28 08 08 08 3E 00
3C 42 02 0C 30 40 7E 00 3C 42 02 1C 02 42 3C 00
04 0C 14 24 7E 04 04 00 7E 40 78 04 02 44 38 00
1C 20 40 7C 42 42 3C 00 7E 42 04 08 10 10 10 00
3C 42 42 3C 42 42 3C 00 3C 42 42 3E 02 04 38 00
00 00 3C 02 3E 42 3D 00 40 40 5C 62 42 62 5C 00
00 00 3C 42 40 42 3C 00 02 02 3A 46 42 46 3A 00
00 00 3C 42 7E 40 3C 00 0C 12 10 7C 10 10 10 00
00 00 3A 46 46 3A 02 3C 40 40 5C 62 42 42 42 00
10 00 30 10 10 10 38 00 04 00 0C 04 04 04 44 38
40 40 44 48 50 68 44 00 30 10 10 10 10 10 38 00
00 00 36 49 49 49 49 00 00 00 5C 62 42 42 42 00
00 00 3C 42 42 42 3C 00 00 00 5C 62 62 5C 40 40
00 00 3A 46 46 3A 02 02 00 00 5C 62 40 40 40 00
00 00 3E 40 3C 02 7C 00 10 10 7C 10 10 12 0C 00
00 00 42 42 42 46 3A 00 00 00 42 42 42 24 18 00
00 00 41 49 49 49 36 00 00 00 42 24 18 24 42 00
00 00 42 42 46 3A 02 3C 00 00 7E 04 18 20 7E 00
00 00 00 00 00 10 10 20 00 00 00 00 00 18 18 00
00 00 00 00 00 00 00 00 00 00 00 00 00 00 00 00
00 00 00 00 00 00 00 00 00 00 00 00 00 00 00 00
00 00 00 00 00 00 00 00 00 00 00 00 00 00 00 00
00 00 00 00 00 00 00 00 00 00 00 00 00 00 00 00
00 00 00 00 00 00 00 00 40 22 10 08 10 22 40 00
10 08 04 04 04 08 10 00 08 08 08 08 08 00 08 00
1C 22 4A 56 4C 20 1E 00 24 24 7E 24 7E 24 24 00
10 3C 50 38 14 78 10 00 00 62 64 08 10 26 46 00
10 28 44 00 00 00 00 00 30 48 48 30 4A 44 3A 00
10 54 38 7C 38 54 10 00 08 10 20 20 20 10 08 00
18 24 42 42 7E 42 42 00 7C 22 22 3C 22 22 7C 00
1C 22 40 40 40 22 1C 00 78 24 22 22 22 24 78 00
7E 40 40 78 40 40 7E 00 7E 40 40 78 40 40 40 00
1C 22 40 4E 42 22 1C 00 42 42 42 7E 42 42 42 00
1C 08 08 08 08 08 1C 00 0E 04 04 04 04 44 38 00
42 44 48 70 48 44 42 00 40 40 40 40 40 40 7E 00
42 66 5A 5A 42 42 42 00 42 62 52 4A 46 42 42 00
18 24 42 42 42 24 18 00 7C 42 42 7C 40 40 40 00
18 24 42 42 4A 24 1A 00 7C 42 42 7C 48 44 42 00
3C 42 40 3C 02 42 3C 00 3E 08 08 08 08 08 08 00
42 42 42 42 42 42 3C 00 42 42 42 24 24 18 18 00
42 42 42 5A 5A 66 42 00 42 42 24 18 24 42 42 00
22 22 22 1C 08 08 08 00 7E 02 04 18 20 40 7E 00
04 08 10 20 10 08 04 00 20 10 08 04 08 10 20 00
00 00 00 00 00 00 00 00 00 00 00 00 00 00 00 00
00 00 00 00 00 00 00 00 00 00 00 00 00 00 00 00
00 00 00 00 00 00 00 00 00 00 00 00 00 00 00 00
00 00 00 00 00 00 00 00 00 00 00 00 00 00 00 00
00 00 00 00 00 00 00 00 00 00 00 00 00 00 00 00
3C 04 04 04 04 04 3C 00 3C 42 02 0C 10 00 10 00
24 24 24 00 00 00 00 00 10 10 10 20 00 00 00 00
00 00 00 00 00 00 00 00 00 00 00 00 00 00 00 00
10 10 10 10 10 10 10 00 01 02 04 08 10 20 40 80
00 00 7E 00 00 7E 00 00 3C 20 20 20 20 20 3C 00
00 00 00 00 00 00 00 00 00 00 00 00 00 00 00 00
00 00 00 00 00 00 00 00 00 00 00 00 00 00 00 00
00 00 00 00 00 00 00 00 00 00 00 00 00 00 00 00
00 00 00 00 00 00 00 00 00 00 00 00 00 00 00 00
00 00 00 00 00 00 00 00 00 00 00 00 00 00 00 00
00 00 00 00 00 00 00 00 00 00 00 00 00 00 00 00
00 00 00 7C 00 00 00 00 00 00 00 00 00 00 00 00
00 00 00 00 00 00 00 00 00 10 10 7C 10 10 00 00
00 00 00 00 00 00 00 00 00 00 00 00 00 00 00 00
00 00 00 00 00 00 00 00 00 00 00 00 00 00 00 00
00 00 00 00 00 00 00 00 00 00 00 00 00 00 00 00
00 00 00 00 00 00 00 00 00 00 00 00 00 00 00 00
00 00 00 00 00 00 00 00 00 00 00 00 00 00 00 00
00 00 00 10 00 10 10 20 00 00 00 10 00 00 10 00
00 00 00 00 00 00 00 00 00 00 00 00 00 00 00 00
00 00 00 00 00 00 00 00 00 00 00 00 00 00 00 00
00 00 00 00 00 00 00 00 00 00 00 00 00 00 00 00
00 00 00 00 00 00 00 00 00 00 00 00 00 00 00 00
00 00 00 00 00 00 00 00 00 00 00 00 00 00 00 00
18 04 04 02 04 04 18 00 00 00 00 00 00 00 00 00
00 00 00 00 00 00 00 00 00 00 00 00 00 00 00 00
00 00 00 00 00 00 00 00 00 00 00 00 00 00 00 00
30 48 48 30 00 00 00 00 80 40 20 10 08 04 02 01
00 00 00 00 00 00 00 00 18 20 20 40 20 20 18 00
00 10 30 7E 7E 30 10 00 00 00 00 00 00 00 00 00
00 00 00 00 00 00 00 00 00 08 0C 7E 7E 0C 08 00
00 00 00 00 00 00 00 00 00 00 00 00 00 00 00 00
00 00 00 00 00 00 00 00 00 00 00 00 00 00 00 00
00 00 00 00 00 00 00 00 00 00 00 00 00 00 00 00
00 00 00 00 00 00 00 00 00 00 00 00 00 00 00 00
00 00 00 00 00 00 00 00 00 00 00 00 00 00 00 00
00 00 00 00 00 00 00 00 00 02 7C A8 28 28 00 00
00 00 00 00 00 00 00 00 00 00 00 00 00 00 00 00
00 18 18 18 7E 3C 18 00 00 00 00 00 00 00 00 00
00 00 00 00 00 00 00 00 00 00 00 00 00 00 00 00
00 18 3C 7E 18 18 18 00 00 00 00 00 00 00 00 00
00 00 00 00 00 00 00 00 00 00 00 00 00 00 00 00
00 00 00 00 00 00 00 00 00 00 00 00 00 00 00 00
00 00 00 00 00 00 00 00 00 00 00 00 00 00 00 00
00 00 00 00 00 00 00 00 00 00 00 00 00 00 00 00
00 00 00 00 00 00 00 00 00 00 00 00 00 00 00 00
00 00 00 00 00 00 00 00 00 00 00 00 00 00 00 00
00 00 00 00 00 00 00 00 00 00 00 00 00 00 00 00
00 00 00 00 00 00 00 00 00 00 00 00 00 00 00 00
00 00 00 00 00 00 00 00 00 00 00 00 00 00 00 00
00 00 00 00 00 00 00 00 00 00 00 00 00 00 00 00
00 00 00 00 00 00 00 00 00 00 00 00 00 00 00 00
00 00 00 00 00 00 00 00 00 00 00 00 00 00 00 00
00 00 00 00 00 00 00 00 00 00 00 00 00 00 00 00
00 00 00 00 00 00 00 00 00 00 00 00 00 00 00 00
00 00 00 00 00 00 00 00 00 00 00 00 00 00 00 00
0A 04 0A 10 18 3C 3C 18 38 6C D6 D6 D6 D6 6C 38
A5 E0 A1 10 10 97 02 A2 00 06 0E 54 68 30 58 00
00 3C 18 24 42 7E 3C 00 00 7E 85 FF B5 85 FF 00
20 30 28 24 2A 2C 2C 04 00 42 24 00 00 24 42 00
24 4A 41 20 04 82 52 24 00 08 14 22 44 68 70 00
3C 7A FD FF FF FF 7E 3C 3C 42 A5 81 99 A5 42 3C
3C 42 A5 81 BD 81 42 3C 3C 42 A5 81 A5 99 42 3C
C2 CB CB C3 FF FF FF FF FF 81 FD FD FD FD FD FF
99 BD 5A 7E 42 3C DB 81 24 3C 3C 5A BD 3C 66 42
24 7E FF DB 7E 42 BD 81 42 81 BD 5A 66 3C 66 A5
42 66 3C 7E C3 BD 66 42 42 3C 7E DB FF 66 A5 81
18 3C 7E DB BD 18 66 42 A5 5A 24 3C 7E DB FF 66
42 66 24 18 3C 5A FF 66 3C 7E FF DB 7E 3C 7E DB
E7 3C 3C 5A 7E 18 66 24 C3 7E 42 5A 42 7E 5A 24
18 3C 7E DB FF 3C 7E A5 3C 7E FF FF 7E 5A 3C 5A
24 42 24 7E 99 FF 66 A5 42 81 FF 5A 66 7E 66 42
00 00 00 00 00 00 00 00 F0 F0 F0 F0 00 00 00 00
0F 0F 0F 0F 00 00 00 00 FF FF FF FF 00 00 00 00
00 00 00 00 F0 F0 F0 F0 F0 F0 F0 F0 F0 F0 F0 F0
0F 0F 0F 0F F0 F0 F0 F0 FF FF FF FF F0 F0 F0 F0
00 00 00 00 0F 0F 0F 0F F0 F0 F0 F0 0F 0F 0F 0F
0F 0F 0F 0F 0F 0F 0F 0F FF FF FF FF 0F 0F 0F 0F
00 00 00 00 FF FF FF FF F0 F0 F0 F0 FF FF FF FF
0F 0F 0F 0F FF FF FF FF FF FF FF FF FF FF FF FF
