v3.0 hex words plain
78 78 78 78 78 78 78 78 78 78 78 78 78 78 78 78
78 78 78 78 78 78 78 78 78 78 78 78 78 78 78 78
78 78 78 78 78 78 78 78 78 7E 7E 7E 7E 7E 7E 7C
7C 6C 78 78 78 78 78 78 78 78 78 78 78 78 78 78
78 78 78 78 78 78 78 78 78 78 78 78 78 78 78 78
78 78 78 78 78 78 78 78 78 78 78 7E 7E 7E 7E 7E
7E 7C 7C 64 78 78 78 78 78 78 78 78 78 78 78 78
78 78 78 78 78 78 78 78 78 78 78 78 78 78 78 78
78 78 78 78 78 78 78 78 78 78 78 78 78 7E 7E 7E
7E 7E 7E 7C 7C 6C 78 78 78 78 78 78 78 78 78 78
78 78 78 78 78 78 78 78 78 78 78 78 78 78 78 78
78 78 78 78 78 78 78 78 78 78 78 78 78 78 78 7E
7E 7E 7E 7E 7E 7C 7C 64 78 78 78 78 78 78 78 78
78 78 78 78 78 78 78 78 78 78 78 78 78 78 78 78
78 78 78 78 78 78 78 78 78 78 78 78 78 78 78 78
78 7E 7E 7E 7E 7E 7E 7C 7C 6C 78 78 78 78 78 78
78 78 78 78 78 78 78 78 78 78 78 78 78 78 78 78
78 78 78 78 78 78 78 78 78 78 78 78 78 78 78 78
78 78 78 7E 7E 7E 7E 7E 7E 7C 7C 64 78 78 78 78
78 78 78 78 78 78 78 78 78 78 78 78 78 78 78 78
78 78 78 78 78 78 78 78 78 78 78 78 78 78 78 78
78 78 78 78 78 7E 7E 7E 7E 7E 7E 7C 7C 6C 78 78
78 78 78 78 78 78 78 78 78 78 78 78 78 78 78 78
78 78 78 78 78 78 78 78 78 78 78 78 78 78 78 78
78 78 78 78 78 78 78 7E 7E 7E 7E 7E 7E 7C 7C 64
78 78 78 78 78 78 78 78 78 78 78 78 78 78 78 78
78 78 78 78 78 78 78 78 78 78 78 78 78 78 78 78
78 78 78 78 78 78 78 78 78 7E 7E 7E 7E 7E 7E 7C
7C 6C 78 78 78 78 78 78 78 78 78 78 78 78 78 78
78 78 78 78 78 78 78 78 78 78 78 78 78 78 78 78
78 78 78 78 78 78 78 78 78 78 78 7E 7E 7E 7E 7E
7E 7C 7C 64 78 78 78 78 78 78 78 78 78 78 78 78
78 78 78 78 78 78 78 78 78 78 78 78 78 78 78 78
78 78 78 78 78 78 78 78 78 78 78 78 78 7E 7E 7E
7E 7E 7E 7C 7C 6C 78 78 78 78 78 78 78 78 78 78
78 78 78 78 78 78 78 78 78 78 78 78 78 78 78 78
78 78 78 78 78 78 78 78 78 78 78 78 78 78 78 7E
7E 7E 7E 7E 7E 7C 7C 64 78 78 78 78 78 78 78 78
78 78 78 78 78 78 78 78 78 78 78 78 78 78 78 78
78 78 78 78 78 78 78 78 78 78 78 78 78 78 78 78
78 7E 7E 7E 7E 7E 7E 7C 7C 6C 78 78 78 78 78 78
78 78 78 78 78 78 78 78 78 78 78 78 78 78 78 78
78 78 78 78 78 78 78 78 78 78 78 78 78 78 78 78
78 78 78 7E 7E 7E 7E 7E 7E 7C 7C 64 78 78 78 78
78 78 78 78 78 78 78 78 78 78 78 78 78 78 78 78
78 78 78 78 78 78 78 78 78 78 78 78 78 78 78 78
78 78 78 78 78 7E 7E 7E 7E 7E 7E 7C 7C 6C 78 78
78 78 78 78 78 78 78 78 78 78 78 78 78 78 78 78
78 78 78 78 78 78 78 78 78 78 78 78 78 78 78 78
78 78 78 78 78 78 78 7E 7E 7E 7E 7E 7E 7C 7C 64
78 78 78 78 78 78 78 78 78 78 78 78 78 78 78 78
78 78 78 78 78 78 78 78 78 78 78 78 78 78 78 78
78 78 78 78 78 78 78 78 78 7E 7E 7E 7E 7E 7E 7C
7C 6C 78 78 78 78 78 78 78 78 78 78 78 78 78 78
78 78 78 78 78 78 78 78 78 78 78 78 78 78 78 78
78 78 78 78 78 78 78 78 78 78 78 7E 7E 7E 7E 7E
7E 7C 7C 64 78 78 78 78 78 78 78 78 78 78 78 78
78 78 78 78 78 78 78 78 78 78 78 78 78 78 78 78
78 78 78 78 78 78 78 78 78 78 78 78 78 7E 7E 7E
7E 7E 7E 7C 7C 6C 78 78 78 78 78 78 78 78 78 78
78 78 78 78 78 78 78 78 78 78 78 78 78 78 78 78
78 78 78 78 78 78 78 78 78 78 78 78 78 78 78 7E
7E 7E 7E 7E 7E 7C 7C 64 78 78 78 78 78 78 78 78
78 78 78 78 78 78 78 78 78 78 78 78 78 78 78 78
78 78 78 78 78 78 78 78 78 78 78 78 78 78 78 78
78 7E 7E 7E 7E 7E 7E 7C 7C 6C 78 78 78 78 78 78
78 78 78 78 78 78 78 78 78 78 78 78 78 78 78 78
78 78 78 78 78 78 78 78 78 78 78 78 78 78 78 78
78 78 78 7E 7E 7E 7E 7E 7E 7C 7C 64 78 78 78 78
78 78 78 78 78 78 78 78 78 78 78 78 78 78 78 78
78 78 78 78 78 78 78 78 78 78 78 78 78 78 78 78
78 78 78 78 78 7E 7E 7E 7E 7E 7E 7C 7C 6C 78 78
78 78 78 78 78 78 78 78 78 78 78 78 78 78 78 78
78 78 78 78 78 78 78 78 78 78 78 78 78 78 78 78
78 78 78 78 78 78 78 7E 7E 7E 7E 7E 7E 7C 7C 64
78 78 78 78 78 78 78 78 78 78 78 78 78 78 78 78
78 78 78 78 78 78 78 78 78 78 78 78 78 78 78 78
78 78 78 78 78 78 78 78 78 7E 7E 7E 7E 7E 7E 7C
7C 6C 78 78 78 78 78 78 78 78 78 78 78 78 78 78
78 78 78 78 78 78 78 78 78 78 78 78 78 78 78 78
78 78 78 78 78 78 78 78 78 78 78 7E 7E 7E 7E 7E
7E 7C 7C 64 78 78 78 78 78 78 78 78 78 78 78 78
78 78 78 78 78 78 78 78 78 78 78 78 78 78 78 78
78 78 78 78 78 78 78 78 78 78 78 78 78 7E 7E 7E
7E 7E 7E 7C 7C 6C 78 78 78 78 78 78 78 78 78 78
78 78 78 78 78 78 78 78 78 78 78 78 78 78 78 78
78 78 78 78 78 78 78 78 78 78 78 78 78 78 78 7E
7E 7E 7E 7E 7E 7C 7C 64 78 78 78 78 78 78 78 78
78 78 78 78 78 78 78 78 78 78 78 78 78 78 78 78
78 78 78 78 78 78 78 78 78 78 78 78 78 78 78 78
78 7E 7E 7E 7E 7E 7E 7C 7C 6C 78 78 78 78 78 78
78 78 78 78 78 78 78 78 78 78 78 78 78 78 78 78
78 78 78 78 78 78 78 78 78 78 78 78 78 78 78 78
78 78 78 7E 7E 7E 7E 7E 7E 7C 7C 64 78 78 78 78
78 78 78 78 78 78 78 78 78 78 78 78 78 78 78 78
78 78 78 78 78 78 78 78 78 78 78 78 78 78 78 78
78 78 78 78 78 7E 7E 7E 7E 7E 7E 7C 7C 6C 78 78
78 78 78 78 78 78 78 78 78 78 78 78 78 78 78 78
78 78 78 78 78 78 78 78 78 78 78 78 78 78 78 78
78 78 78 78 78 78 78 7E 7E 7E 7E 7E 7E 7C 7C 64
78 78 78 78 78 78 78 78 78 78 78 78 78 78 78 78
78 78 78 78 78 78 78 78 78 78 78 78 78 78 78 78
78 78 78 78 78 78 78 78 78 7E 7E 7E 7E 7E 7E 7C
7C 6C 78 78 78 78 78 78 78 78 78 78 78 78 78 78
78 78 78 78 78 78 78 78 78 78 78 78 78 78 78 78
78 78 78 78 78 78 78 78 78 78 78 7E 7E 7E 7E 7E
7E 7C 7C 64 78 78 78 78 78 78 78 78 78 78 78 78
78 78 78 78 78 78 78 78 78 78 78 78 78 78 78 78
78 78 78 78 78 78 78 78 78 78 78 78 78 7E 7E 7E
7E 7E 7E 7C 7C 6C 78 78 78 78 78 78 78 78 78 78
78 78 78 78 78 78 78 78 78 78 78 78 78 78 78 78
78 78 78 78 78 78 78 78 78 78 78 78 78 78 78 7E
7E 7E 7E 7E 7E 7C 7C 64 78 78 78 78 78 78 78 78
78 78 78 78 78 78 78 78 78 78 78 78 78 78 78 78
78 78 78 78 78 78 78 78 78 78 78 78 78 78 78 78
78 7E 7E 7E 7E 7E 7E 7C 7C 6C 78 78 78 78 78 78
78 78 78 78 78 78 78 78 78 78 78 78 78 78 78 78
78 78 78 78 78 78 78 78 78 78 78 78 78 78 78 78
78 78 78 7E 7E 7E 7E 7E 7E 7C 7C 64 78 78 78 78
78 78 78 78 78 78 78 78 78 78 78 78 78 78 78 78
78 78 78 78 78 78 78 78 78 78 78 78 78 78 78 78
78 78 78 78 78 7E 7E 7E 7E 7E 7E 7C 7C 6C 78 78
78 78 78 78 78 78 78 78 78 78 78 78 78 78 78 78
78 78 78 78 78 78 78 78 78 78 78 78 78 78 78 78
78 78 78 78 78 78 78 7E 7E 7E 7E 7E 7E 7C 7C 64
78 78 78 78 78 78 78 78 78 78 78 78 78 78 78 78
78 78 78 78 78 78 78 78 78 78 78 78 78 78 78 78
78 78 78 78 78 78 78 78 78 7E 7E 7E 7E 7E 7E 7C
7C 6C 78 78 78 78 78 78 78 78 78 78 78 78 78 78
78 78 78 78 78 78 78 78 78 78 78 78 78 78 78 78
78 78 78 78 78 78 78 78 78 78 78 7E 7E 7E 7E 7E
7E 7C 7C 64 78 78 78 78 78 78 78 78 78 78 78 78
78 78 78 78 78 78 78 78 78 78 78 78 78 78 78 78
78 78 78 78 78 78 78 78 78 78 78 78 78 7E 7E 7E
7E 7E 7E 7C 7C 6C 78 78 78 78 78 78 78 78 78 78
78 78 78 78 78 78 78 78 78 78 78 78 78 78 78 78
78 78 78 78 78 78 78 78 78 78 78 78 78 78 78 7E
7E 7E 7E 7E 7E 7C 7C 64 78 78 78 78 78 78 78 78
78 78 78 78 78 78 78 78 78 78 78 78 78 78 78 78
78 78 78 78 78 78 78 78 78 78 78 78 78 78 78 78
78 7E 7E 7E 7E 7E 7E 7C 7C 6C 78 78 78 78 78 78
78 78 78 78 78 78 78 78 78 78 78 78 78 78 78 78
78 78 78 78 78 78 78 78 78 78 78 78 78 78 78 78
78 78 78 7E 7E 7E 7E 7E 7E 7C 7C 64 78 78 78 78
78 78 78 78 78 78 78 78 78 78 78 78 78 78 78 78
78 78 78 78 78 78 78 78 78 78 78 78 78 78 78 78
78 78 78 78 78 7E 7E 7E 7E 7E 7E 7C 7C 6C 78 78
78 78 78 78 78 78 78 78 78 78 78 78 78 78 78 78
78 78 78 78 78 78 78 78 78 78 78 78 78 78 78 78
78 78 78 78 78 78 78 7E 7E 7E 7E 7E 7E 7C 7C 64
78 78 78 78 78 78 78 78 78 78 78 78 78 78 78 78
78 78 78 78 78 78 78 78 78 78 78 78 78 78 78 78
78 78 78 78 78 78 78 78 78 7E 7E 7E 7E 7E 7E 7C
7C 6C 78 78 78 78 78 78 78 78 78 78 78 78 78 78
78 78 78 78 78 78 78 78 78 78 78 78 78 78 78 78
78 78 78 78 78 78 78 78 78 78 78 7E 7E 7E 7E 7E
7E 7C 7C 64 78 78 78 78 78 78 78 78 78 78 78 78
78 78 78 78 78 78 78 78 78 78 78 78 78 78 78 78
78 78 78 78 78 78 78 78 78 78 78 78 78 7E 7E 7E
7E 7E 7E 7C 7C 6C 78 78 78 78 78 78 78 78 78 78
78 78 78 78 78 78 78 78 78 78 78 78 78 78 78 78
78 78 78 78 78 78 78 78 78 78 78 78 78 78 78 7E
7E 7E 7E 7E 7E 7C 7C 64 78 78 78 78 78 78 78 78
78 78 78 78 78 78 78 78 78 78 78 78 78 78 78 78
78 78 78 78 78 78 78 78 78 78 78 78 78 78 78 78
78 7E 7E 7E 7E 7E 7E 7C 7C 6C 78 78 78 78 78 78
78 78 78 78 78 78 78 78 78 78 78 78 78 78 78 78
78 78 78 78 78 78 78 78 78 78 78 78 78 78 78 78
78 78 78 7E 7E 7E 7E 7E 7E 7C 7C 64 78 78 78 78
78 78 78 78 78 78 78 78 78 78 78 78 78 78 78 78
78 78 78 78 78 78 78 78 78 78 78 78 78 78 78 78
78 78 78 78 78 7E 7E 7E 7E 7E 7E 7C 7C 6C 78 78
78 78 78 78 78 78 78 78 78 78 78 78 78 78 78 78
78 78 78 78 78 78 78 78 78 78 78 78 78 78 78 78
78 78 78 78 78 78 78 7E 7E 7E 7E 7E 7E 7C 7C 64
78 78 78 78 78 78 78 78 78 78 78 78 78 78 78 78
78 78 78 78 78 78 78 78 78 78 78 78 78 78 78 78
78 78 78 78 78 78 78 78 78 7E 7E 7E 7E 7E 7E 7C
7C 6C 78 78 78 78 78 78 78 78 78 78 78 78 78 78
78 78 78 78 78 78 78 78 78 78 78 78 78 78 78 78
78 78 78 78 78 78 78 78 78 78 78 7E 7E 7E 7E 7E
7E 7C 7C 64 78 78 78 78 78 78 78 78 78 78 78 78
78 78 78 78 78 78 78 78 78 78 78 78 78 78 78 78
78 78 78 78 78 78 78 78 78 78 78 78 78 7E 7E 7E
7E 7E 7E 7C 7C 6C 78 78 78 78 78 78 78 78 78 78
78 78 78 78 78 78 78 78 78 78 78 78 78 78 78 78
78 78 78 78 78 78 78 78 78 78 78 78 78 78 78 7E
7E 7E 7E 7E 7E 7C 7C 64 78 78 78 78 78 78 78 78
78 78 78 78 78 78 78 78 78 78 78 78 78 78 78 78
78 78 78 78 78 78 78 78 78 78 78 78 78 78 78 78
78 7E 7E 7E 7E 7E 7E 7C 7C 6C 78 78 78 78 78 78
78 78 78 78 78 78 78 78 78 78 78 78 78 78 78 78
78 78 78 78 78 78 78 78 78 78 78 78 78 78 78 78
78 78 78 7E 7E 7E 7E 7E 7E 7C 7C 64 78 78 78 78
78 78 78 78 78 78 78 78 78 78 78 78 78 78 78 78
78 78 78 78 78 78 78 78 78 78 78 78 78 78 78 78
78 78 78 78 78 7E 7E 7E 7E 7E 7E 7C 7C 6C 78 78
78 78 78 78 78 78 78 78 78 78 78 78 78 78 78 78
78 78 78 78 78 78 78 78 78 78 78 78 78 78 78 78
78 78 78 78 78 78 78 7E 7E 7E 7E 7E 7E 7C 7C 64
78 78 78 78 78 78 78 78 78 78 78 78 78 78 78 78
78 78 78 78 78 78 78 78 78 78 78 78 78 78 78 78
78 78 78 78 78 78 78 78 78 7E 7E 7E 7E 7E 7E 7C
7C 6C 78 78 78 78 78 78 78 78 78 78 78 78 78 78
78 78 78 78 78 78 78 78 78 78 78 78 78 78 78 78
78 78 78 78 78 78 78 78 78 78 78 7E 7E 7E 7E 7E
7E 7C 7C 64 78 78 78 78 78 78 78 78 78 78 78 78
78 78 78 78 78 78 78 78 78 78 78 78 78 78 78 78
78 78 78 78 78 78 78 78 78 78 78 78 78 7E 7E 7E
7E 7E 7E 7C 7C 6C 78 78 78 78 78 78 78 78 78 78
78 78 78 78 78 78 78 78 78 78 78 78 78 78 78 78
78 78 78 78 78 78 78 78 78 78 78 78 78 78 78 7E
7E 7E 7E 7E 7E 7C 7C 64 78 78 78 78 78 78 78 78
78 78 78 78 78 78 78 78 78 78 78 78 78 78 78 78
78 78 78 78 78 78 78 78 78 78 78 78 78 78 78 78
78 7E 7E 7E 7E 7E 7E 7C 7C 6C 78 78 78 78 78 78
78 78 78 78 78 78 78 78 78 78 78 78 78 78 78 78
78 78 78 78 78 78 78 78 78 78 78 78 78 78 78 78
78 78 78 7E 7E 7E 7E 7E 7E 7C 7C 64 78 78 78 78
78 78 78 78 78 78 78 78 78 78 78 78 78 78 78 78
78 78 78 78 78 78 78 78 78 78 78 78 78 78 78 78
78 78 78 78 78 7E 7E 7E 7E 7E 7E 7C 7C 6C 78 78
78 78 78 78 78 78 78 78 78 78 78 78 78 78 78 78
78 78 78 78 78 78 78 78 78 78 78 78 78 78 78 78
78 78 78 78 78 78 78 7E 7E 7E 7E 7E 7E 7C 7C 64
78 78 78 78 78 78 78 78 78 78 78 78 78 78 78 78
78 78 78 78 78 78 78 78 78 78 78 78 78 78 78 78
78 78 78 78 78 78 78 78 78 7E 7E 7E 7E 7E 7E 7C
7C 6C 78 78 78 78 78 78 78 78 78 78 78 78 78 78
78 78 78 78 78 78 78 78 78 78 78 78 78 78 78 78
78 78 78 78 78 78 78 78 78 78 78 7E 7E 7E 7E 7E
7E 7C 7C 64 78 78 78 78 78 78 78 78 78 78 78 78
78 78 78 78 78 78 78 78 78 78 78 78 78 78 78 78
78 78 78 78 78 78 78 78 78 78 78 78 78 7E 7E 7E
7E 7E 7E 7C 7C 6C 78 78 78 78 78 78 78 78 78 78
78 78 78 78 78 78 78 78 78 78 78 78 78 78 78 78
78 78 78 78 78 78 78 78 78 78 78 78 78 78 78 7E
7E 7E 7E 7E 7E 7C 7C 64 78 78 78 78 78 78 78 78
78 78 78 78 78 78 78 78 78 78 78 78 78 78 78 78
78 78 78 78 78 78 78 78 78 78 78 78 78 78 78 78
78 7E 7E 7E 7E 7E 7E 7C 7C 6C 78 78 78 78 78 78
78 78 78 78 78 78 78 78 78 78 78 78 78 78 78 78
78 78 78 78 78 78 78 78 78 78 78 78 78 78 78 78
78 78 78 7E 7E 7E 7E 7E 7E 7C 7C 64 78 78 78 78
78 78 78 78 78 78 78 78 78 78 78 78 78 78 78 78
78 78 78 78 78 78 78 78 78 78 78 78 78 78 78 78
78 78 78 78 78 7E 7E 7E 7E 7E 7E 7C 7C 6C 78 78
78 78 78 78 78 78 78 78 78 78 78 78 78 78 78 78
78 78 78 78 78 78 78 78 78 78 78 78 78 78 78 78
78 78 78 78 78 78 78 7E 7E 7E 7E 7E 7E 7C 7C 64
78 78 78 78 78 78 78 78 78 78 78 78 78 78 78 78
78 78 78 78 78 78 78 78 78 78 78 78 78 78 78 78
78 78 78 78 78 78 78 78 78 7E 7E 7E 7E 7E 7E 7C
7C 6C 78 78 78 78 78 78 78 78 78 78 78 78 78 78
78 78 78 78 78 78 78 78 78 78 78 78 78 78 78 78
78 78 78 78 78 78 78 78 78 78 78 7E 7E 7E 7E 7E
7E 7C 7C 64 78 78 78 78 78 78 78 78 78 78 78 78
78 78 78 78 78 78 78 78 78 78 78 78 78 78 78 78
78 78 78 78 78 78 78 78 78 78 78 78 78 7E 7E 7E
7E 7E 7E 7C 7C 6C 78 78 78 78 78 78 78 78 78 78
78 78 78 78 78 78 78 78 78 78 78 78 78 78 78 78
78 78 78 78 78 78 78 78 78 78 78 78 78 78 78 7E
7E 7E 7E 7E 7E 7C 7C 64 78 78 78 78 78 78 78 78
78 78 78 78 78 78 78 78 78 78 78 78 78 78 78 78
78 78 78 78 78 78 78 78 78 78 78 78 78 78 78 78
78 7E 7E 7E 7E 7E 7E 7C 7C 6C 78 78 78 78 78 78
78 78 78 78 78 78 78 78 78 78 78 78 78 78 78 78
78 78 78 78 78 78 78 78 78 78 78 78 78 78 78 78
78 78 78 7E 7E 7E 7E 7E 7E 7C 7C 64 78 78 78 78
78 78 78 78 78 78 78 78 78 78 78 78 78 78 78 78
78 78 78 78 78 78 78 78 78 78 78 78 78 78 78 78
78 78 78 78 78 7E 7E 7E 7E 7E 7E 7C 7C 6C 78 78
78 78 78 78 78 78 78 78 78 78 78 78 78 78 78 78
78 78 78 78 78 78 78 78 78 78 78 78 78 78 78 78
78 78 78 78 78 78 78 7E 7E 7E 7E 7E 7E 7C 7C 64
78 78 78 78 78 78 78 78 78 78 78 78 78 78 78 78
78 78 78 78 78 78 78 78 78 78 78 78 78 78 78 78
78 78 78 78 78 78 78 78 78 7E 7E 7E 7E 7E 7E 7C
7C 6C 78 78 78 78 78 78 78 78 78 78 78 78 78 78
78 78 78 78 78 78 78 78 78 78 78 78 78 78 78 78
78 78 78 78 78 78 78 78 78 78 78 7E 7E 7E 7E 7E
7E 7C 7C 64 78 78 78 78 78 78 78 78 78 78 78 78
78 78 78 78 78 78 78 78 78 78 78 78 78 78 78 78
78 78 78 78 78 78 78 78 78 78 78 78 78 7E 7E 7E
7E 7E 7E 7C 7C 6C 78 78 78 78 78 78 78 78 78 78
78 78 78 78 78 78 78 78 78 78 78 78 78 78 78 78
78 78 78 78 78 78 78 78 78 78 78 78 78 78 78 7E
7E 7E 7E 7E 7E 7C 7C 64 78 78 78 78 78 78 78 78
78 78 78 78 78 78 78 78 78 78 78 78 78 78 78 78
78 78 78 78 78 78 78 78 78 78 78 78 78 78 78 78
78 7E 7E 7E 7E 7E 7E 7C 7C 6C 78 78 78 78 78 78
78 78 78 78 78 78 78 78 78 78 78 78 78 78 78 78
78 78 78 78 78 78 78 78 78 78 78 78 78 78 78 78
78 78 78 7E 7E 7E 7E 7E 7E 7C 7C 64 78 78 78 78
78 78 78 78 78 78 78 78 78 78 78 78 78 78 78 78
78 78 78 78 78 78 78 78 78 78 78 78 78 78 78 78
78 78 78 78 78 7E 7E 7E 7E 7E 7E 7C 7C 6C 78 78
78 78 78 78 78 78 78 78 78 78 78 78 78 78 78 78
78 78 78 78 78 78 78 78 78 78 78 78 78 78 78 78
78 78 78 78 78 78 78 7E 7E 7E 7E 7E 7E 7C 7C 64
78 78 78 78 78 78 78 78 78 78 78 78 78 78 78 78
78 78 78 78 78 78 78 78 78 78 78 78 78 78 78 78
78 78 78 78 78 78 78 78 78 7E 7E 7E 7E 7E 7E 7C
7C 6C 78 78 78 78 78 78 78 78 78 78 78 78 78 78
78 78 78 78 78 78 78 78 78 78 78 78 78 78 78 78
78 78 78 78 78 78 78 78 78 78 78 7E 7E 7E 7E 7E
7E 7C 7C 64 78 78 78 78 78 78 78 78 78 78 78 78
78 78 78 78 78 78 78 78 78 78 78 78 78 78 78 78
78 78 78 78 78 78 78 78 78 78 78 78 78 7E 7E 7E
7E 7E 7E 7C 7C 6C 78 78 78 78 78 78 78 78 78 78
78 78 78 78 78 78 78 78 78 78 78 78 78 78 78 78
78 78 78 78 78 78 78 78 78 78 78 78 78 78 78 7E
7E 7E 7E 7E 7E 7C 7C 64 78 78 78 78 78 78 78 78
78 78 78 78 78 78 78 78 78 78 78 78 78 78 78 78
78 78 78 78 78 78 78 78 78 78 78 78 78 78 78 78
78 7E 7E 7E 7E 7E 7E 7C 7C 6C 78 78 78 78 78 78
78 78 78 78 78 78 78 78 78 78 78 78 78 78 78 78
78 78 78 78 78 78 78 78 78 78 78 78 78 78 78 78
78 78 78 7E 7E 7E 7E 7E 7E 7C 7C 64 78 78 78 78
78 78 78 78 78 78 78 78 78 78 78 78 78 78 78 78
78 78 78 78 78 78 78 78 78 78 78 78 78 78 78 78
78 78 78 78 78 7E 7E 7E 7E 7E 7E 7C 7C 6C 78 78
78 78 78 78 78 78 78 78 78 78 78 78 78 78 78 78
78 78 78 78 78 78 78 78 78 78 78 78 78 78 78 78
78 78 78 78 78 78 78 7E 7E 7E 7E 7E 7E 7C 7C 64
78 78 78 78 78 78 78 78 78 78 78 78 78 78 78 78
78 78 78 78 78 78 78 78 78 78 78 78 78 78 78 78
78 78 78 78 78 78 78 78 78 7E 7E 7E 7E 7E 7E 7C
7C 6C 78 78 78 78 78 78 78 78 78 78 78 78 78 78
78 78 78 78 78 78 78 78 78 78 78 78 78 78 78 78
78 78 78 78 78 78 78 78 78 78 78 7E 7E 7E 7E 7E
7E 7C 7C 64 78 78 78 78 78 78 78 78 78 78 78 78
78 78 78 78 78 78 78 78 78 78 78 78 78 78 78 78
78 78 78 78 78 78 78 78 78 78 78 78 78 7E 7E 7E
7E 7E 7E 7C 7C 6C 78 78 78 78 78 78 78 78 78 78
78 78 78 78 78 78 78 78 78 78 78 78 78 78 78 78
78 78 78 78 78 78 78 78 78 78 78 78 78 78 78 7E
7E 7E 7E 7E 7E 7C 7C 64 78 78 78 78 78 78 78 78
78 78 78 78 78 78 78 78 78 78 78 78 78 78 78 78
78 78 78 78 78 78 78 78 78 78 78 78 78 78 78 78
78 7E 7E 7E 7E 7E 7E 7C 7C 6C 78 78 78 78 78 78
78 78 78 78 78 78 78 78 78 78 78 78 78 78 78 78
78 78 78 78 78 78 78 78 78 78 78 78 78 78 78 78
78 78 78 7E 7E 7E 7E 7E 7E 7C 7C 64 78 78 78 78
78 78 78 78 78 78 78 78 78 78 78 78 78 78 78 78
78 78 78 78 78 78 78 78 78 78 78 78 78 78 78 78
78 78 78 78 78 7E 7E 7E 7E 7E 7E 7C 7C 6C 78 78
78 78 78 78 78 78 78 78 78 78 78 78 78 78 78 78
78 78 78 78 78 78 78 78 78 78 78 78 78 78 78 78
78 78 78 78 78 78 78 7E 7E 7E 7E 7E 7E 7C 7C 64
78 78 78 78 78 78 78 78 78 78 78 78 78 78 78 78
78 78 78 78 78 78 78 78 78 78 78 78 78 78 78 78
78 78 78 78 78 78 78 78 78 7E 7E 7E 7E 7E 7E 7C
7C 6C 78 78 78 78 78 78 78 78 78 78 78 78 78 78
78 78 78 78 78 78 78 78 78 78 78 78 78 78 78 78
78 78 78 78 78 78 78 78 78 78 78 7E 7E 7E 7E 7E
7E 7C 7C 64 78 78 78 78 78 78 78 78 78 78 78 78
78 78 78 78 78 78 78 78 78 78 78 78 78 78 78 78
78 78 78 78 78 78 78 78 78 78 78 78 78 7E 7E 7E
7E 7E 7E 7C 7C 6C 78 78 78 78 78 78 78 78 78 78
78 78 78 78 78 78 78 78 78 78 78 78 78 78 78 78
78 78 78 78 78 78 78 78 78 78 78 78 78 78 78 7E
7E 7E 7E 7E 7E 7C 7C 64 78 78 78 78 78 78 78 78
78 78 78 78 78 78 78 78 78 78 78 78 78 78 78 78
78 78 78 78 78 78 78 78 78 78 78 78 78 78 78 78
78 7E 7E 7E 7E 7E 7E 7C 7C 6C 78 78 78 78 78 78
78 78 78 78 78 78 78 78 78 78 78 78 78 78 78 78
78 78 78 78 78 78 78 78 78 78 78 78 78 78 78 78
78 78 78 7E 7E 7E 7E 7E 7E 7C 7C 64 78 78 78 78
78 78 78 78 78 78 78 78 78 78 78 78 78 78 78 78
78 78 78 78 78 78 78 78 78 78 78 78 78 78 78 78
78 78 78 78 78 7E 7E 7E 7E 7E 7E 7C 7C 6C 78 78
78 78 78 78 78 78 78 78 78 78 78 78 78 78 78 78
78 78 78 78 78 78 78 78 78 78 78 78 78 78 78 78
78 78 78 78 78 78 78 7E 7E 7E 7E 7E 7E 7C 7C 64
78 78 78 78 78 78 78 78 78 78 78 78 78 78 78 78
78 78 78 78 78 78 78 78 78 78 78 78 78 78 78 78
78 78 78 78 78 78 78 78 78 7E 7E 7E 7E 7E 7E 7C
7C 6C 78 78 78 78 78 78 78 78 78 78 78 78 78 78
78 78 78 78 78 78 78 78 78 78 78 78 78 78 78 78
78 78 78 78 78 78 78 78 78 78 78 7E 7E 7E 7E 7E
7E 7C 7C 64 78 78 78 78 78 78 78 78 78 78 78 78
78 78 78 78 78 78 78 78 78 78 78 78 78 78 78 78
78 78 78 78 78 78 78 78 78 78 78 78 78 7E 7E 7E
7E 7E 7E 7C 7C 6C 78 78 78 78 78 78 78 78 78 78
78 78 78 78 78 78 78 78 78 78 78 78 78 78 78 78
78 78 78 78 78 78 78 78 78 78 78 78 78 78 78 7E
7E 7E 7E 7E 7E 7C 7C 64 78 78 78 78 78 78 78 78
78 78 78 78 78 78 78 78 78 78 78 78 78 78 78 78
78 78 78 78 78 78 78 78 78 78 78 78 78 78 78 78
78 7E 7E 7E 7E 7E 7E 7C 7C 6C 78 78 78 78 78 78
78 78 78 78 78 78 78 78 78 78 78 78 78 78 78 78
78 78 78 78 78 78 78 78 78 78 78 78 78 78 78 78
78 78 78 7E 7E 7E 7E 7E 7E 7C 7C 64 78 78 78 78
78 78 78 78 78 78 78 78 78 78 78 78 78 78 78 78
78 78 78 78 78 78 78 78 78 78 78 78 78 78 78 78
78 78 78 78 78 7E 7E 7E 7E 7E 7E 7C 7C 6C 78 78
78 78 78 78 78 78 78 78 78 78 78 78 78 78 78 78
78 78 78 78 78 78 78 78 78 78 78 78 78 78 78 78
78 78 78 78 78 78 78 7E 7E 7E 7E 7E 7E 7C 7C 64
78 78 78 78 78 78 78 78 78 78 78 78 78 78 78 78
78 78 78 78 78 78 78 78 78 78 78 78 78 78 78 78
78 78 78 78 78 78 78 78 78 7E 7E 7E 7E 7E 7E 7C
7C 6C 78 78 78 78 78 78 78 78 78 78 78 78 78 78
78 78 78 78 78 78 78 78 78 78 78 78 78 78 78 78
78 78 78 78 78 78 78 78 78 78 78 7E 7E 7E 7E 7E
7E 7C 7C 64 78 78 78 78 78 78 78 78 78 78 78 78
78 78 78 78 78 78 78 78 78 78 78 78 78 78 78 78
78 78 78 78 78 78 78 78 78 78 78 78 78 7E 7E 7E
7E 7E 7E 7C 7C 6C 78 78 78 78 78 78 78 78 78 78
78 78 78 78 78 78 78 78 78 78 78 78 78 78 78 78
78 78 78 78 78 78 78 78 78 78 78 78 78 78 78 7E
7E 7E 7E 7E 7E 7C 7C 64 78 78 78 78 78 78 78 78
78 78 78 78 78 78 78 78 78 78 78 78 78 78 78 78
78 78 78 78 78 78 78 78 78 78 78 78 78 78 78 78
78 7E 7E 7E 7E 7E 7E 7C 7C 6C 78 78 78 78 78 78
78 78 78 78 78 78 78 78 78 78 78 78 78 78 78 78
78 78 78 78 78 78 78 78 78 78 78 78 78 78 78 78
78 78 78 7E 7E 7E 7E 7E 7E 7C 7C 64 78 78 78 78
78 78 78 78 78 78 78 78 78 78 78 78 78 78 78 78
78 78 78 78 78 78 78 78 78 78 78 78 78 78 78 78
78 78 78 78 78 7E 7E 7E 7E 7E 7E 7C 7C 6C 78 78
78 78 78 78 78 78 78 78 78 78 78 78 78 78 78 78
78 78 78 78 78 78 78 78 78 78 78 78 78 78 78 78
78 78 78 78 78 78 78 7E 7E 7E 7E 7E 7E 7C 7C 64
78 78 78 78 78 78 78 78 78 78 78 78 78 78 78 78
78 78 78 78 78 78 78 78 78 78 78 78 78 78 78 78
78 78 78 78 78 78 78 78 78 7E 7E 7E 7E 7E 7E 7C
7C 6C 78 78 78 78 78 78 78 78 78 78 78 78 78 78
78 78 78 78 78 78 78 78 78 78 78 78 78 78 78 78
78 78 78 78 78 78 78 78 78 78 78 7E 7E 7E 7E 7E
7E 7C 7C 64 78 78 78 78 78 78 78 78 78 78 78 78
78 78 78 78 78 78 78 78 78 78 78 78 78 78 78 78
78 78 78 78 78 78 78 78 78 78 78 78 78 7E 7E 7E
7E 7E 7E 7C 7C 6C 78 78 78 78 78 78 78 78 78 78
78 78 78 78 78 78 78 78 78 78 78 78 78 78 78 78
78 78 78 78 78 78 78 78 78 78 78 78 78 78 78 7E
7E 7E 7E 7E 7E 7C 7C 64 78 78 78 78 78 78 78 78
78 78 78 78 78 78 78 78 78 78 78 78 78 78 78 78
78 78 78 78 78 78 78 78 78 78 78 78 78 78 78 78
78 7E 7E 7E 7E 7E 7E 7C 7C 6C 78 78 78 78 78 78
78 78 78 78 78 78 78 78 78 78 78 78 78 78 78 78
78 78 78 78 78 78 78 78 78 78 78 78 78 78 78 78
78 78 78 7E 7E 7E 7E 7E 7E 7C 7C 64 78 78 78 78
78 78 78 78 78 78 78 78 78 78 78 78 78 78 78 78
78 78 78 78 78 78 78 78 78 78 78 78 78 78 78 78
78 78 78 78 78 7E 7E 7E 7E 7E 7E 7C 7C 6C 78 78
78 78 78 78 78 78 78 78 78 78 78 78 78 78 78 78
78 78 78 78 78 78 78 78 78 78 78 78 78 78 78 78
78 78 78 78 78 78 78 7E 7E 7E 7E 7E 7E 7C 7C 64
78 78 78 78 78 78 78 78 78 78 78 78 78 78 78 78
78 78 78 78 78 78 78 78 78 78 78 78 78 78 78 78
78 78 78 78 78 78 78 78 78 7E 7E 7E 7E 7E 7E 7C
7C 6C 78 78 78 78 78 78 78 78 78 78 78 78 78 78
78 78 78 78 78 78 78 78 78 78 78 78 78 78 78 78
78 78 78 78 78 78 78 78 78 78 78 7E 7E 7E 7E 7E
7E 7C 7C 64 78 78 78 78 78 78 78 78 78 78 78 78
78 78 78 78 78 78 78 78 78 78 78 78 78 78 78 78
78 78 78 78 78 78 78 78 78 78 78 78 78 7E 7E 7E
7E 7E 7E 7C 7C 6C 78 78 78 78 78 78 78 78 78 78
78 78 78 78 78 78 78 78 78 78 78 78 78 78 78 78
78 78 78 78 78 78 78 78 78 78 78 78 78 78 78 7E
7E 7E 7E 7E 7E 7C 7C 64 78 78 78 78 78 78 78 78
78 78 78 78 78 78 78 78 78 78 78 78 78 78 78 78
78 78 78 78 78 78 78 78 78 78 78 78 78 78 78 78
78 7E 7E 7E 7E 7E 7E 7C 7C 6C 78 78 78 78 78 78
78 78 78 78 78 78 78 78 78 78 78 78 78 78 78 78
78 78 78 78 78 78 78 78 78 78 78 78 78 78 78 78
78 78 78 7E 7E 7E 7E 7E 7E 7C 7C 64 78 78 78 78
78 78 78 78 78 78 78 78 78 78 78 78 78 78 78 78
78 78 78 78 78 78 78 78 78 78 78 78 78 78 78 78
78 78 78 78 78 7E 7E 7E 7E 7E 7E 7C 7C 6C 78 78
78 78 78 78 78 78 78 78 78 78 78 78 78 78 78 78
78 78 78 78 78 78 78 78 78 78 78 78 78 78 78 78
78 78 78 78 78 78 78 7E 7E 7E 7E 7E 7E 7C 7C 64
78 78 78 78 78 78 78 78 78 78 78 78 78 78 78 78
78 78 78 78 78 78 78 78 78 78 78 78 78 78 78 78
78 78 78 78 78 78 78 78 78 7E 7E 7E 7E 7E 7E 7C
7C 6C 78 78 78 78 78 78 78 78 78 78 78 78 78 78
78 78 78 78 78 78 78 78 78 78 78 78 78 78 78 78
78 78 78 78 78 78 78 78 78 78 78 7E 7E 7E 7E 7E
7E 7C 7C 64 78 78 78 78 78 78 78 78 78 78 78 78
78 78 78 78 78 78 78 78 78 78 78 78 78 78 78 78
78 78 78 78 78 78 78 78 78 78 78 78 78 7E 7E 7E
7E 7E 7E 7C 7C 6C 78 78 78 78 78 78 78 78 78 78
78 78 78 78 78 78 78 78 78 78 78 78 78 78 78 78
78 78 78 78 78 78 78 78 78 78 78 78 78 78 78 7E
7E 7E 7E 7E 7E 7C 7C 64 78 78 78 78 78 78 78 78
78 78 78 78 78 78 78 78 78 78 78 78 78 78 78 78
78 78 78 78 78 78 78 78 78 78 78 78 78 78 78 78
78 7E 7E 7E 7E 7E 7E 7C 7C 6C 78 78 78 78 78 78
78 78 78 78 78 78 78 78 78 78 78 78 78 78 78 78
78 78 78 78 78 78 78 78 78 78 78 78 78 78 78 78
78 78 78 7E 7E 7E 7E 7E 7E 7C 7C 64 78 78 78 78
78 78 78 78 78 78 78 78 78 78 78 78 78 78 78 78
78 78 78 78 78 78 78 78 78 78 78 78 78 78 78 78
78 78 78 78 78 7E 7E 7E 7E 7E 7E 7C 7C 6C 78 78
78 78 78 78 78 78 78 78 78 78 78 78 78 78 78 78
78 78 78 78 78 78 78 78 78 78 78 78 78 78 78 78
78 78 78 78 78 78 78 7E 7E 7E 7E 7E 7E 7C 7C 64
78 78 78 78 78 78 78 78 78 78 78 78 78 78 78 78
78 78 78 78 78 78 78 78 78 78 78 78 78 78 78 78
78 78 78 78 78 78 78 78 78 7E 7E 7E 7E 7E 7E 7C
7C 6C 78 78 78 78 78 78 78 78 78 78 78 78 78 78
78 78 78 78 78 78 78 78 78 78 78 78 78 78 78 78
78 78 78 78 78 78 78 78 78 78 78 7E 7E 7E 7E 7E
7E 7C 7C 64 78 78 78 78 78 78 78 78 78 78 78 78
78 78 78 78 78 78 78 78 78 78 78 78 78 78 78 78
78 78 78 78 78 78 78 78 78 78 78 78 78 7E 7E 7E
7E 7E 7E 7C 7C 6C 78 78 78 78 78 78 78 78 78 78
78 78 78 78 78 78 78 78 78 78 78 78 78 78 78 78
78 78 78 78 78 78 78 78 78 78 78 78 78 78 78 7E
7E 7E 7E 7E 7E 7C 7C 64 78 78 78 78 78 78 78 78
78 78 78 78 78 78 78 78 78 78 78 78 78 78 78 78
78 78 78 78 78 78 78 78 78 78 78 78 78 78 78 78
78 7E 7E 7E 7E 7E 7E 7C 7C 6C 78 78 78 78 78 78
78 78 78 78 78 78 78 78 78 78 78 78 78 78 78 78
78 78 78 78 78 78 78 78 78 78 78 78 78 78 78 78
78 78 78 7E 7E 7E 7E 7E 7E 7C 7C 64 78 78 78 78
78 78 78 78 78 78 78 78 78 78 78 78 78 78 78 78
78 78 78 78 78 78 78 78 78 78 78 78 78 78 78 78
78 78 78 78 78 7E 7E 7E 7E 7E 7E 7C 7C 6C 78 78
78 78 78 78 78 78 78 78 78 78 78 78 78 78 78 78
78 78 78 78 78 78 78 78 78 78 78 78 78 78 78 78
78 78 78 78 78 78 78 7E 7E 7E 7E 7E 7E 7C 7C 64
78 78 78 78 78 78 78 78 78 78 78 78 78 78 78 78
78 78 78 78 78 78 78 78 78 78 78 78 78 78 78 78
78 78 78 78 78 78 78 78 78 7E 7E 7E 7E 7E 7E 7C
7C 6C 78 78 78 78 78 78 78 78 78 78 78 78 78 78
78 78 78 78 78 78 78 78 78 78 78 78 78 78 78 78
78 78 78 78 78 78 78 78 78 78 78 7E 7E 7E 7E 7E
7E 7C 7C 64 78 78 78 78 78 78 78 78 78 78 78 78
78 78 78 78 78 78 78 78 78 78 78 78 78 78 78 78
78 78 78 78 78 78 78 78 78 78 78 78 78 7E 7E 7E
7E 7E 7E 7C 7C 6C 78 78 78 78 78 78 78 78 78 78
78 78 78 78 78 78 78 78 78 78 78 78 78 78 78 78
78 78 78 78 78 78 78 78 78 78 78 78 78 78 78 7E
7E 7E 7E 7E 7E 7C 7C 64 78 78 78 78 78 78 78 78
78 78 78 78 78 78 78 78 78 78 78 78 78 78 78 78
78 78 78 78 78 78 78 78 78 78 78 78 78 78 78 78
78 7E 7E 7E 7E 7E 7E 7C 7C 6C 78 78 78 78 78 78
78 78 78 78 78 78 78 78 78 78 78 78 78 78 78 78
78 78 78 78 78 78 78 78 78 78 78 78 78 78 78 78
78 78 78 7E 7E 7E 7E 7E 7E 7C 7C 64 78 78 78 78
78 78 78 78 78 78 78 78 78 78 78 78 78 78 78 78
78 78 78 78 78 78 78 78 78 78 78 78 78 78 78 78
78 78 78 78 78 7E 7E 7E 7E 7E 7E 7C 7C 6C 78 78
78 78 78 78 78 78 78 78 78 78 78 78 78 78 78 78
78 78 78 78 78 78 78 78 78 78 78 78 78 78 78 78
78 78 78 78 78 78 78 7E 7E 7E 7E 7E 7E 7C 7C 64
78 78 78 78 78 78 78 78 78 78 78 78 78 78 78 78
78 78 78 78 78 78 78 78 78 78 78 78 78 78 78 78
78 78 78 78 78 78 78 78 78 7E 7E 7E 7E 7E 7E 7C
7C 6C 78 78 78 78 78 78 78 78 78 78 78 78 78 78
78 78 78 78 78 78 78 78 78 78 78 78 78 78 78 78
78 78 78 78 78 78 78 78 78 78 78 7E 7E 7E 7E 7E
7E 7C 7C 64 78 78 78 78 78 78 78 78 78 78 78 78
78 78 78 78 78 78 78 78 78 78 78 78 78 78 78 78
78 78 78 78 78 78 78 78 78 78 78 78 78 7E 7E 7E
7E 7E 7E 7C 7C 6C 78 78 78 78 78 78 78 78 78 78
78 78 78 78 78 78 78 78 78 78 78 78 78 78 78 78
78 78 78 78 78 78 78 78 78 78 78 78 78 78 78 7E
7E 7E 7E 7E 7E 7C 7C 64 78 78 78 78 78 78 78 78
78 78 78 78 78 78 78 78 78 78 78 78 78 78 78 78
78 78 78 78 78 78 78 78 78 78 78 78 78 78 78 78
78 7E 7E 7E 7E 7E 7E 7C 7C 6C 78 78 78 78 78 78
78 78 78 78 78 78 78 78 78 78 78 78 78 78 78 78
78 78 78 78 78 78 78 78 78 78 78 78 78 78 78 78
78 78 78 7E 7E 7E 7E 7E 7E 7C 7C 64 78 78 78 78
78 78 78 78 78 78 78 78 78 78 78 78 78 78 78 78
78 78 78 78 78 78 78 78 78 78 78 78 78 78 78 78
78 78 78 78 78 7E 7E 7E 7E 7E 7E 7C 7C 6C 78 78
78 78 78 78 78 78 78 78 78 78 78 78 78 78 78 78
78 78 78 78 78 78 78 78 78 78 78 78 78 78 78 78
78 78 78 78 78 78 78 7E 7E 7E 7E 7E 7E 7C 7C 64
78 78 78 78 78 78 78 78 78 78 78 78 78 78 78 78
78 78 78 78 78 78 78 78 78 78 78 78 78 78 78 78
78 78 78 78 78 78 78 78 78 7E 7E 7E 7E 7E 7E 7C
7C 6C 78 78 78 78 78 78 78 78 78 78 78 78 78 78
78 78 78 78 78 78 78 78 78 78 78 78 78 78 78 78
78 78 78 78 78 78 78 78 78 78 78 7E 7E 7E 7E 7E
7E 7C 7C 64 78 78 78 78 78 78 78 78 78 78 78 78
78 78 78 78 78 78 78 78 78 78 78 78 78 78 78 78
78 78 78 78 78 78 78 78 78 78 78 78 78 7E 7E 7E
7E 7E 7E 7C 7C 6C 78 78 78 78 78 78 78 78 78 78
78 78 78 78 78 78 78 78 78 78 78 78 78 78 78 78
78 78 78 78 78 78 78 78 78 78 78 78 78 78 78 7E
7E 7E 7E 7E 7E 7C 7C 64 78 78 78 78 78 78 78 78
78 78 78 78 78 78 78 78 78 78 78 78 78 78 78 78
78 78 78 78 78 78 78 78 78 78 78 78 78 78 78 78
78 7E 7E 7E 7E 7E 7E 7C 7C 6C 78 78 78 78 78 78
78 78 78 78 78 78 78 78 78 78 78 78 78 78 78 78
78 78 78 78 78 78 78 78 78 78 78 78 78 78 78 78
78 78 78 7E 7E 7E 7E 7E 7E 7C 7C 64 78 78 78 78
78 78 78 78 78 78 78 78 78 78 78 78 78 78 78 78
78 78 78 78 78 78 78 78 78 78 78 78 78 78 78 78
78 78 78 78 78 7E 7E 7E 7E 7E 7E 7C 7C 6C 78 78
78 78 78 78 78 78 78 78 78 78 78 78 78 78 78 78
78 78 78 78 78 78 78 78 78 78 78 78 78 78 78 78
78 78 78 78 78 78 78 7E 7E 7E 7E 7E 7E 7C 7C 64
78 78 78 78 78 78 78 78 78 78 78 78 78 78 78 78
78 78 78 78 78 78 78 78 78 78 78 78 78 78 78 78
78 78 78 78 78 78 78 78 78 7E 7E 7E 7E 7E 7E 7C
7C 6C 78 78 78 78 78 78 78 78 78 78 78 78 78 78
78 78 78 78 78 78 78 78 78 78 78 78 78 78 78 78
78 78 78 78 78 78 78 78 78 78 78 7E 7E 7E 7E 7E
7E 7C 7C 64 78 78 78 78 78 78 78 78 78 78 78 78
78 78 78 78 78 78 78 78 78 78 78 78 78 78 78 78
78 78 78 78 78 78 78 78 78 78 78 78 78 7E 7E 7E
7E 7E 7E 7C 7C 6C 78 78 78 78 78 78 78 78 78 78
78 78 78 78 78 78 78 78 78 78 78 78 78 78 78 78
78 78 78 78 78 78 78 78 78 78 78 78 78 78 78 7E
7E 7E 7E 7E 7E 7C 7C 64 78 78 78 78 78 78 78 78
78 78 78 78 78 78 78 78 78 78 78 78 78 78 78 78
78 78 78 78 78 78 78 78 78 78 78 78 78 78 78 78
78 7E 7E 7E 7E 7E 7E 7C 7C 6C 78 78 78 78 78 78
78 78 78 78 78 78 78 78 78 78 78 78 78 78 78 78
78 78 78 78 78 78 78 78 78 78 78 78 78 78 78 78
78 78 78 7E 7E 7E 7E 7E 7E 7C 7C 64 78 78 78 78
78 78 78 78 78 78 78 78 78 78 78 78 78 78 78 78
78 78 78 78 78 78 78 78 78 78 78 78 78 78 78 78
78 78 78 78 78 7E 7E 7E 7E 7E 7E 7C 7C 6C 78 78
78 78 78 78 78 78 78 78 78 78 78 78 78 78 78 78
78 78 78 78 78 78 78 78 78 78 78 78 78 78 78 78
78 78 78 78 78 78 78 7E 7E 7E 7E 7E 7E 7C 7C 64
78 78 78 78 78 78 78 78 78 78 78 78 78 78 78 78
78 78 78 78 78 78 78 78 78 78 78 78 78 78 78 78
78 78 78 78 78 78 78 78 78 7E 7E 7E 7E 7E 7E 7C
7C 6C 78 78 78 78 78 78 78 78 78 78 78 78 78 78
78 78 78 78 78 78 78 78 78 78 78 78 78 78 78 78
78 78 78 78 78 78 78 78 78 78 78 7E 7E 7E 7E 7E
7E 7C 7C 64 78 78 78 78 78 78 78 78 78 78 78 78
78 78 78 78 78 78 78 78 78 78 78 78 78 78 78 78
78 78 78 78 78 78 78 78 78 78 78 78 78 7E 7E 7E
7E 7E 7E 7C 7C 6C 78 78 78 78 78 78 78 78 78 78
78 78 78 78 78 78 78 78 78 78 78 78 78 78 78 78
78 78 78 78 78 78 78 78 78 78 78 78 78 78 78 7E
7E 7E 7E 7E 7E 7C 7C 64 78 78 78 78 78 78 78 78
78 78 78 78 78 78 78 78 78 78 78 78 78 78 78 78
78 78 78 78 78 78 78 78 78 78 78 78 78 78 78 78
78 7E 7E 7E 7E 7E 7E 7C 7C 6C 78 78 78 78 78 78
78 78 78 78 78 78 78 78 78 78 78 78 78 78 78 78
78 78 78 78 78 78 78 78 78 78 78 78 78 78 78 78
78 78 78 7E 7E 7E 7E 7E 7E 7C 7C 64 78 78 78 78
78 78 78 78 78 78 78 78 78 78 78 78 78 78 78 78
78 78 78 78 78 78 78 78 78 78 78 78 78 78 78 78
78 78 78 78 78 7E 7E 7E 7E 7E 7E 7C 7C 6C 78 78
78 78 78 78 78 78 78 78 78 78 78 78 78 78 78 78
78 78 78 78 78 78 78 78 78 78 78 78 78 78 78 78
78 78 78 78 78 78 78 7E 7E 7E 7E 7E 7E 7C 7C 64
78 78 78 78 78 78 78 78 78 78 78 78 78 78 78 78
78 78 78 78 78 78 78 78 78 78 78 78 78 78 78 78
78 78 78 78 78 78 78 78 78 7E 7E 7E 7E 7E 7E 7C
7C 6C 78 78 78 78 78 78 78 78 78 78 78 78 78 78
78 78 78 78 78 78 78 78 78 78 78 78 78 78 78 78
78 78 78 78 78 78 78 78 78 78 78 7E 7E 7E 7E 7E
7E 7C 7C 64 78 78 78 78 78 78 78 78 78 78 78 78
78 78 78 78 78 78 78 78 78 78 78 78 78 78 78 78
78 78 78 78 78 78 78 78 78 78 78 78 78 7E 7E 7E
7E 7E 7E 7C 7C 6C 78 78 78 78 78 78 78 78 78 78
78 78 78 78 78 78 78 78 78 78 78 78 78 78 78 78
78 78 78 78 78 78 78 78 78 78 78 78 78 78 78 7E
7E 7E 7E 7E 7E 7C 7C 64 78 78 78 78 78 78 78 78
78 78 78 78 78 78 78 78 78 78 78 78 78 78 78 78
78 78 78 78 78 78 78 78 78 78 78 78 78 78 78 78
78 7E 7E 7E 7E 7E 7E 7C 7C 6C 78 78 78 78 78 78
78 78 78 78 78 78 78 78 78 78 78 78 78 78 78 78
78 78 78 78 78 78 78 78 78 78 78 78 78 78 78 78
78 78 78 7E 7E 7E 7E 7E 7E 7C 7C 64 78 78 78 78
78 78 78 78 78 78 78 78 78 78 78 78 78 78 78 78
78 78 78 78 78 78 78 78 78 78 78 78 78 78 78 78
78 78 78 78 78 7E 7E 7E 7E 7E 7E 7C 7C 6C 78 78
78 78 78 78 78 78 78 78 78 78 78 78 78 78 78 78
78 78 78 78 78 78 78 78 78 78 78 78 78 78 78 78
78 78 78 78 78 78 78 7E 7E 7E 7E 7E 7E 7C 7C 64
78 78 78 78 78 78 78 78 78 78 78 78 78 78 78 78
78 78 78 78 78 78 78 78 78 78 78 78 78 78 78 78
78 78 78 78 78 78 78 78 78 7E 7E 7E 7E 7E 7E 7C
7C 6C 78 78 78 78 78 78 78 78 78 78 78 78 78 78
78 78 78 78 78 78 78 78 78 78 78 78 78 78 78 78
78 78 78 78 78 78 78 78 78 78 78 7E 7E 7E 7E 7E
7E 7C 7C 64 78 78 78 78 78 78 78 78 78 78 78 78
78 78 78 78 78 78 78 78 78 78 78 78 78 78 78 78
78 78 78 78 78 78 78 78 78 78 78 78 78 7E 7E 7E
7E 7E 7E 7C 7C 6C 78 78 78 78 78 78 78 78 78 78
78 78 78 78 78 78 78 78 78 78 78 78 78 78 78 78
78 78 78 78 78 78 78 78 78 78 78 78 78 78 78 7E
7E 7E 7E 7E 7E 7C 7C 64 78 78 78 78 78 78 78 78
78 78 78 78 78 78 78 78 78 78 78 78 78 78 78 78
78 78 78 78 78 78 78 78 78 78 78 78 78 78 78 78
78 7E 7E 7E 7E 7E 7E 7C 7C 6C 78 78 78 78 78 78
78 78 78 78 78 78 78 78 78 78 78 78 78 78 78 78
78 78 78 78 78 78 78 78 78 78 78 78 78 78 78 78
78 78 78 7E 7E 7E 7E 7E 7E 7C 7C 64 78 78 78 78
78 78 78 78 78 78 78 78 78 78 78 78 78 78 78 78
78 78 78 78 78 78 78 78 78 78 78 78 78 78 78 78
78 78 78 78 78 7E 7E 7E 7E 7E 7E 7C 7C 6C 78 78
78 78 78 78 78 78 78 78 78 78 78 78 78 78 78 78
78 78 78 78 78 78 78 78 78 78 78 78 78 78 78 78
78 78 78 78 78 78 78 7E 7E 7E 7E 7E 7E 7C 7C 64
78 78 78 78 78 78 78 78 78 78 78 78 78 78 78 78
78 78 78 78 78 78 78 78 78 78 78 78 78 78 78 78
78 78 78 78 78 78 78 78 78 7E 7E 7E 7E 7E 7E 7C
7C 6C 78 78 78 78 78 78 78 78 78 78 78 78 78 78
78 78 78 78 78 78 78 78 78 78 78 78 78 78 78 78
78 78 78 78 78 78 78 78 78 78 78 7E 7E 7E 7E 7E
7E 7C 7C 64 78 78 78 78 78 78 78 78 78 78 78 78
78 78 78 78 78 78 78 78 78 78 78 78 78 78 78 78
78 78 78 78 78 78 78 78 78 78 78 78 78 7E 7E 7E
7E 7E 7E 7C 7C 6C 78 78 78 78 78 78 78 78 78 78
78 78 78 78 78 78 78 78 78 78 78 78 78 78 78 78
78 78 78 78 78 78 78 78 78 78 78 78 78 78 78 7E
7E 7E 7E 7E 7E 7C 7C 64 78 78 78 78 78 78 78 78
78 78 78 78 78 78 78 78 78 78 78 78 78 78 78 78
78 78 78 78 78 78 78 78 78 78 78 78 78 78 78 78
78 7E 7E 7E 7E 7E 7E 7C 7C 6C 78 78 78 78 78 78
78 78 78 78 78 78 78 78 78 78 78 78 78 78 78 78
78 78 78 78 78 78 78 78 78 78 78 78 78 78 78 78
78 78 78 7E 7E 7E 7E 7E 7E 7C 7C 64 78 78 78 78
78 78 78 78 78 78 78 78 78 78 78 78 78 78 78 78
78 78 78 78 78 78 78 78 78 78 78 78 78 78 78 78
78 78 78 78 78 7E 7E 7E 7E 7E 7E 7C 7C 6C 78 78
78 78 78 78 78 78 78 78 78 78 78 78 78 78 78 78
78 78 78 78 78 78 78 78 78 78 78 78 78 78 78 78
78 78 78 78 78 78 78 7E 7E 7E 7E 7E 7E 7C 7C 64
78 78 78 78 78 78 78 78 78 78 78 78 78 78 78 78
78 78 78 78 78 78 78 78 78 78 78 78 78 78 78 78
78 78 78 78 78 78 78 78 78 7E 7E 7E 7E 7E 7E 7C
7C 6C 78 78 78 78 78 78 78 78 78 78 78 78 78 78
78 78 78 78 78 78 78 78 78 78 78 78 78 78 78 78
78 78 78 78 78 78 78 78 78 78 78 7E 7E 7E 7E 7E
7E 7C 7C 64 78 78 78 78 78 78 78 78 78 78 78 78
78 78 78 78 78 78 78 78 78 78 78 78 78 78 78 78
78 78 78 78 78 78 78 78 78 78 78 78 78 7E 7E 7E
7E 7E 7E 7C 7C 6C 78 78 78 78 78 78 78 78 78 78
78 78 78 78 78 78 78 78 78 78 78 78 78 78 78 78
78 78 78 78 78 78 78 78 78 78 78 78 78 78 78 7E
7E 7E 7E 7E 7E 7C 7C 64 78 78 78 78 78 78 78 78
78 78 78 78 78 78 78 78 78 78 78 78 78 78 78 78
78 78 78 78 78 78 78 78 78 78 78 78 78 78 78 78
78 7E 7E 7E 7E 7E 7E 7C 7C 6C 78 78 78 78 78 78
78 78 78 78 78 78 78 78 78 78 78 78 78 78 78 78
78 78 78 78 78 78 78 78 78 78 78 78 78 78 78 78
78 78 78 7E 7E 7E 7E 7E 7E 7C 7C 64 78 78 78 78
78 78 78 78 78 78 78 78 78 78 78 78 78 78 78 78
78 78 78 78 78 78 78 78 78 78 78 78 78 78 78 78
78 78 78 78 78 7E 7E 7E 7E 7E 7E 7C 7C 6C 78 78
78 78 78 78 78 78 78 78 78 78 78 78 78 78 78 78
78 78 78 78 78 78 78 78 78 78 78 78 78 78 78 78
78 78 78 78 78 78 78 7E 7E 7E 7E 7E 7E 7C 7C 64
78 78 78 78 78 78 78 78 78 78 78 78 78 78 78 78
78 78 78 78 78 78 78 78 78 78 78 78 78 78 78 78
78 78 78 78 78 78 78 78 78 7E 7E 7E 7E 7E 7E 7C
7C 6C 78 78 78 78 78 78 78 78 78 78 78 78 78 78
78 78 78 78 78 78 78 78 78 78 78 78 78 78 78 78
78 78 78 78 78 78 78 78 78 78 78 7E 7E 7E 7E 7E
7E 7C 7C 64 78 78 78 78 78 78 78 78 78 78 78 78
78 78 78 78 78 78 78 78 78 78 78 78 78 78 78 78
78 78 78 78 78 78 78 78 78 78 78 78 78 7E 7E 7E
7E 7E 7E 7C 7C 6C 78 78 78 78 78 78 78 78 78 78
78 78 78 78 78 78 78 78 78 78 78 78 78 78 78 78
78 78 78 78 78 78 78 78 78 78 78 78 78 78 78 7E
7E 7E 7E 7E 7E 7C 7C 64 78 78 78 78 78 78 78 78
78 78 78 78 78 78 78 78 78 78 78 78 78 78 78 78
78 78 78 78 78 78 78 78 78 78 78 78 78 78 78 78
78 7E 7E 7E 7E 7E 7E 7C 7C 6C 78 78 78 78 78 78
78 78 78 78 78 78 78 78 78 78 78 78 78 78 78 78
78 78 78 78 78 78 78 78 78 78 78 78 78 78 78 78
78 78 78 7E 7E 7E 7E 7E 7E 7C 7C 64 78 78 78 78
78 78 78 78 78 78 78 78 78 78 78 78 78 78 78 78
78 78 78 78 78 78 78 78 78 78 78 78 78 78 78 78
78 78 78 78 78 7E 7E 7E 7E 7E 7E 7C 7C 6C 78 78
78 78 78 78 78 78 78 78 78 78 78 78 78 78 78 78
78 78 78 78 78 78 78 78 78 78 78 78 78 78 78 78
78 78 78 78 78 78 78 7E 7E 7E 7E 7E 7E 7C 7C 64
78 78 78 78 78 78 78 78 78 78 78 78 78 78 78 78
78 78 78 78 78 78 78 78 78 78 78 78 78 78 78 78
78 78 78 78 78 78 78 78 78 7E 7E 7E 7E 7E 7E 7C
7C 6C 78 78 78 78 78 78 78 78 78 78 78 78 78 78
78 78 78 78 78 78 78 78 78 78 78 78 78 78 78 78
78 78 78 78 78 78 78 78 78 78 78 7E 7E 7E 7E 7E
7E 7C 7C 64 78 78 78 78 78 78 78 78 78 78 78 78
78 78 78 78 78 78 78 78 78 78 78 78 78 78 78 78
78 78 78 78 78 78 78 78 78 78 78 78 78 7E 7E 7E
7E 7E 7E 7C 7C 6C 78 78 78 78 78 78 78 78 78 78
78 78 78 78 78 78 78 78 78 78 78 78 78 78 78 78
78 78 78 78 78 78 78 78 78 78 78 78 78 78 78 7E
7E 7E 7E 7E 7E 7C 7C 64 78 78 78 78 78 78 78 78
78 78 78 78 78 78 78 78 78 78 78 78 78 78 78 78
78 78 78 78 78 78 78 78 78 78 78 78 78 78 78 78
78 7E 7E 7E 7E 7E 7E 7C 7C 6C 78 78 78 78 78 78
78 78 78 78 78 78 78 78 78 78 78 78 78 78 78 78
78 78 78 78 78 78 78 78 78 78 78 78 78 78 78 78
78 78 78 7E 7E 7E 7E 7E 7E 7C 7C 64 78 78 78 78
78 78 78 78 78 78 78 78 78 78 78 78 78 78 78 78
78 78 78 78 78 78 78 78 78 78 78 78 78 78 78 78
78 78 78 78 78 7E 7E 7E 7E 7E 7E 7C 7C 6C 78 78
78 78 78 78 78 78 78 78 78 78 78 78 78 78 78 78
78 78 78 78 78 78 78 78 78 78 78 78 78 78 78 78
78 78 78 78 78 78 78 7E 7E 7E 7E 7E 7E 7C 7C 64
78 78 78 78 78 78 78 78 78 78 78 78 78 78 78 78
78 78 78 78 78 78 78 78 78 78 78 78 78 78 78 78
78 78 78 78 78 78 78 78 78 7E 7E 7E 7E 7E 7E 7C
7C 6C 78 78 78 78 78 78 78 78 78 78 78 78 78 78
78 78 78 78 78 78 78 78 78 78 78 78 78 78 78 78
78 78 78 78 78 78 78 78 78 78 78 7E 7E 7E 7E 7E
7E 7C 7C 64 78 78 78 78 78 78 78 78 78 78 78 78
78 78 78 78 78 78 78 78 78 78 78 78 78 78 78 78
78 78 78 78 78 78 78 78 78 78 78 78 78 7E 7E 7E
7E 7E 7E 7C 7C 6C 78 78 78 78 78 78 78 78 78 78
78 78 78 78 78 78 78 78 78 78 78 78 78 78 78 78
78 78 78 78 78 78 78 78 78 78 78 78 78 78 78 7E
7E 7E 7E 7E 7E 7C 7C 64 78 78 78 78 78 78 78 78
78 78 78 78 78 78 78 78 78 78 78 78 78 78 78 78
78 78 78 78 78 78 78 78 78 78 78 78 78 78 78 78
78 7E 7E 7E 7E 7E 7E 7C 7C 6C 78 78 78 78 78 78
78 78 78 78 78 78 78 78 78 78 78 78 78 78 78 78
78 78 78 78 78 78 78 78 78 78 78 78 78 78 78 78
78 78 78 7E 7E 7E 7E 7E 7E 7C 7C 64 78 78 78 78
78 78 78 78 78 78 78 78 78 78 78 78 78 78 78 78
78 78 78 78 78 78 78 78 78 78 78 78 78 78 78 78
78 78 78 78 78 7E 7E 7E 7E 7E 7E 7C 7C 6C 78 78
78 78 78 78 78 78 78 78 78 78 78 78 78 78 78 78
78 78 78 78 78 78 78 78 78 78 78 78 78 78 78 78
78 78 78 78 78 78 78 7E 7E 7E 7E 7E 7E 7C 7C 64
78 78 78 78 78 78 78 78 78 78 78 78 78 78 78 78
78 78 78 78 78 78 78 78 78 78 78 78 78 78 78 78
78 78 78 78 78 78 78 78 78 7E 7E 7E 7E 7E 7E 7C
7C 6C 78 78 78 78 78 78 78 78 78 78 78 78 78 78
78 78 78 78 78 78 78 78 78 78 78 78 78 78 78 78
78 78 78 78 78 78 78 78 78 78 78 7E 7E 7E 7E 7E
7E 7C 7C 64 78 78 78 78 78 78 78 78 78 78 78 78
78 78 78 78 78 78 78 78 78 78 78 78 78 78 78 78
78 78 78 78 78 78 78 78 78 78 78 78 78 7E 7E 7E
7E 7E 7E 7C 7C 6C 78 78 78 78 78 78 78 78 78 78
78 78 78 78 78 78 78 78 78 78 78 78 78 78 78 78
78 78 78 78 78 78 78 78 78 78 78 78 78 78 78 7E
7E 7E 7E 7E 7E 7C 7C 64 78 78 78 78 78 78 78 78
78 78 78 78 78 78 78 78 78 78 78 78 78 78 78 78
78 78 78 78 78 78 78 78 78 78 78 78 78 78 78 78
78 7E 7E 7E 7E 7E 7E 7C 7C 6C 78 78 78 78 78 78
78 78 78 78 78 78 78 78 78 78 78 78 78 78 78 78
78 78 78 78 78 78 78 78 78 78 78 78 78 78 78 78
78 78 78 7E 7E 7E 7E 7E 7E 7C 7C 64 78 78 78 78
78 78 78 78 78 78 78 78 78 78 78 78 78 78 78 78
78 78 78 78 78 78 78 78 78 78 78 78 78 78 78 78
78 78 78 78 78 7E 7E 7E 7E 7E 7E 7C 7C 6C 78 78
78 78 78 78 78 78 78 78 78 78 78 78 78 78 78 78
78 78 78 78 78 78 78 78 78 78 78 78 78 78 78 78
78 78 78 78 78 78 78 7E 7E 7E 7E 7E 7E 7C 7C 64
78 78 78 78 78 78 78 78 78 78 78 78 78 78 78 78
78 78 78 78 78 78 78 78 78 78 78 78 78 78 78 78
78 78 78 78 78 78 78 78 78 7E 7E 7E 7E 7E 7E 7C
7C 6C 78 78 78 78 78 78 78 78 78 78 78 78 78 78
78 78 78 78 78 78 78 78 78 78 78 78 78 78 78 78
78 78 78 78 78 78 78 78 78 78 78 7E 7E 7E 7E 7E
7E 7C 7C 64 78 78 78 78 78 78 78 78 78 78 78 78
78 78 78 78 78 78 78 78 78 78 78 78 78 78 78 78
78 78 78 78 78 78 78 78 78 78 78 78 78 7E 7E 7E
7E 7E 7E 7C 7C 6C 78 78 78 78 78 78 78 78 78 78
78 78 78 78 78 78 78 78 78 78 78 78 78 78 78 78
78 78 78 78 78 78 78 78 78 78 78 78 78 78 78 7E
7E 7E 7E 7E 7E 7C 7C 64 78 78 78 78 78 78 78 78
78 78 78 78 78 78 78 78 78 78 78 78 78 78 78 78
78 78 78 78 78 78 78 78 78 78 78 78 78 78 78 78
78 7E 7E 7E 7E 7E 7E 7C 7C 6C 78 78 78 78 78 78
78 78 78 78 78 78 78 78 78 78 78 78 78 78 78 78
78 78 78 78 78 78 78 78 78 78 78 78 78 78 78 78
78 78 78 7E 7E 7E 7E 7E 7E 7C 7C 64 78 78 78 78
78 78 78 78 78 78 78 78 78 78 78 78 78 78 78 78
78 78 78 78 78 78 78 78 78 78 78 78 78 78 78 78
78 78 78 78 78 7E 7E 7E 7E 7E 7E 7C 7C 6C 78 78
78 78 78 78 78 78 78 78 78 78 78 78 78 78 78 78
78 78 78 78 78 78 78 78 78 78 78 78 78 78 78 78
78 78 78 78 78 78 78 7E 7E 7E 7E 7E 7E 7C 7C 64
78 78 78 78 78 78 78 78 78 78 78 78 78 78 78 78
78 78 78 78 78 78 78 78 78 78 78 78 78 78 78 78
78 78 78 78 78 78 78 78 78 7E 7E 7E 7E 7E 7E 7C
7C 6C 78 78 78 78 78 78 78 78 78 78 78 78 78 78
78 78 78 78 78 78 78 78 78 78 78 78 78 78 78 78
78 78 78 78 78 78 78 78 78 78 78 7E 7E 7E 7E 7E
7E 7C 7C 64 78 78 78 78 78 78 78 78 78 78 78 78
78 78 78 78 78 78 78 78 78 78 78 78 78 78 78 78
78 78 78 78 78 78 78 78 78 78 78 78 78 7E 7E 7E
7E 7E 7E 7C 7C 6C 78 78 78 78 78 78 78 78 78 78
78 78 78 78 78 78 78 78 78 78 78 78 78 78 78 78
78 78 78 78 78 78 78 78 78 78 78 78 78 78 78 7E
7E 7E 7E 7E 7E 7C 7C 64 78 78 78 78 78 78 78 78
78 78 78 78 78 78 78 78 78 78 78 78 78 78 78 78
78 78 78 78 78 78 78 78 78 78 78 78 78 78 78 78
78 7E 7E 7E 7E 7E 7E 7C 7C 6C 78 78 78 78 78 78
78 78 78 78 78 78 78 78 78 78 78 78 78 78 78 78
78 78 78 78 78 78 78 78 78 78 78 78 78 78 78 78
78 78 78 7E 7E 7E 7E 7E 7E 7C 7C 64 78 78 78 78
78 78 78 78 78 78 78 78 78 78 78 78 78 78 78 78
78 78 78 78 78 78 78 78 78 78 78 78 78 78 78 78
78 78 78 78 78 7E 7E 7E 7E 7E 7E 7C 7C 6C 78 78
78 78 78 78 78 78 78 78 78 78 78 78 78 78 78 78
78 78 78 78 78 78 78 78 78 78 78 78 78 78 78 78
78 78 78 78 78 78 78 7E 7E 7E 7E 7E 7E 7C 7C 64
78 78 78 78 78 78 78 78 78 78 78 78 78 78 78 78
78 78 78 78 78 78 78 78 78 78 78 78 78 78 78 78
78 78 78 78 78 78 78 78 78 7E 7E 7E 7E 7E 7E 7C
7C 6C 78 78 78 78 78 78 78 78 78 78 78 78 78 78
78 78 78 78 78 78 78 78 78 78 78 78 78 78 78 78
78 78 78 78 78 78 78 78 78 78 78 7E 7E 7E 7E 7E
7E 7C 7C 64 78 78 78 78 78 78 78 78 78 78 78 78
78 78 78 78 78 78 78 78 78 78 78 78 78 78 78 78
78 78 78 78 78 78 78 78 78 78 78 78 78 7E 7E 7E
7E 7E 7E 7C 7C 6C 78 78 78 78 78 78 78 78 78 78
78 78 78 78 78 78 78 78 78 78 78 78 78 78 78 78
78 78 78 78 78 78 78 78 78 78 78 78 78 78 78 7E
7E 7E 7E 7E 7E 7C 7C 64 78 78 78 78 78 78 78 78
78 78 78 78 78 78 78 78 78 78 78 78 78 78 78 78
78 78 78 78 78 78 78 78 78 78 78 78 78 78 78 78
78 7E 7E 7E 7E 7E 7E 7C 7C 6C 78 78 78 78 78 78
78 78 78 78 78 78 78 78 78 78 78 78 78 78 78 78
78 78 78 78 78 78 78 78 78 78 78 78 78 78 78 78
78 78 78 7E 7E 7E 7E 7E 7E 7C 7C 64 78 78 78 78
78 78 78 78 78 78 78 78 78 78 78 78 78 78 78 78
78 78 78 78 78 78 78 78 78 78 78 78 78 78 78 78
78 78 78 78 78 7E 7E 7E 7E 7E 7E 7C 7C 6C 78 78
78 78 78 78 78 78 78 78 78 78 78 78 78 78 78 78
78 78 78 78 78 78 78 78 78 78 78 78 78 78 78 78
78 78 78 78 78 78 78 7E 7E 7E 7E 7E 7E 7C 7C 64
78 78 78 78 78 78 78 78 78 78 78 78 78 78 78 78
78 78 78 78 78 78 78 78 78 78 78 78 78 78 78 78
78 78 78 78 78 78 78 78 78 7E 7E 7E 7E 7E 7E 7C
7C 6C 78 78 78 78 78 78 78 78 78 78 78 78 78 78
78 78 78 78 78 78 78 78 78 78 78 78 78 78 78 78
78 78 78 78 78 78 78 78 78 78 78 7E 7E 7E 7E 7E
7E 7C 7C 64 78 78 78 78 78 78 78 78 78 78 78 78
78 78 78 78 78 78 78 78 78 78 78 78 78 78 78 78
78 78 78 78 78 78 78 78 78 78 78 78 78 7E 7E 7E
7E 7E 7E 7C 7C 6C 78 78 78 78 78 78 78 78 78 78
78 78 78 78 78 78 78 78 78 78 78 78 78 78 78 78
78 78 78 78 78 78 78 78 78 78 78 78 78 78 78 7E
7E 7E 7E 7E 7E 7C 7C 64 78 78 78 78 78 78 78 78
78 78 78 78 78 78 78 78 78 78 78 78 78 78 78 78
78 78 78 78 78 78 78 78 78 78 78 78 78 78 78 78
78 7E 7E 7E 7E 7E 7E 7C 7C 6C 78 78 78 78 78 78
78 78 78 78 78 78 78 78 78 78 78 78 78 78 78 78
78 78 78 78 78 78 78 78 78 78 78 78 78 78 78 78
78 78 78 7E 7E 7E 7E 7E 7E 7C 7C 64 78 78 78 78
78 78 78 78 78 78 78 78 78 78 78 78 78 78 78 78
78 78 78 78 78 78 78 78 78 78 78 78 78 78 78 78
78 78 78 78 78 7E 7E 7E 7E 7E 7E 7C 7C 6C 78 78
78 78 78 78 78 78 78 78 78 78 78 78 78 78 78 78
78 78 78 78 78 78 78 78 78 78 78 78 78 78 78 78
78 78 78 78 78 78 78 7E 7E 7E 7E 7E 7E 7C 7C 64
78 78 78 78 78 78 78 78 78 78 78 78 78 78 78 78
78 78 78 78 78 78 78 78 78 78 78 78 78 78 78 78
78 78 78 78 78 78 78 78 78 7E 7E 7E 7E 7E 7E 7C
7C 6C 78 78 78 78 78 78 78 78 78 78 78 78 78 78
78 78 78 78 78 78 78 78 78 78 78 78 78 78 78 78
78 78 78 78 78 78 78 78 78 78 78 7E 7E 7E 7E 7E
7E 7C 7C 64 78 78 78 78 78 78 78 78 78 78 78 78
78 78 78 78 78 78 78 78 78 78 78 78 78 78 78 78
78 78 78 78 78 78 78 78 78 78 78 78 78 7E 7E 7E
7E 7E 7E 7C 7C 6C 78 78 78 78 78 78 78 78 78 78
78 78 78 78 78 78 78 78 78 78 78 78 78 78 78 78
78 78 78 78 78 78 78 78 78 78 78 78 78 78 78 7E
7E 7E 7E 7E 7E 7C 7C 64 78 78 78 78 78 78 78 78
78 78 78 78 78 78 78 78 78 78 78 78 78 78 78 78
78 78 78 78 78 78 78 78 78 78 78 78 78 78 78 78
78 7E 7E 7E 7E 7E 7E 7C 7C 6C 78 78 78 78 78 78
78 78 78 78 78 78 78 78 78 78 78 78 78 78 78 78
78 78 78 78 78 78 78 78 78 78 78 78 78 78 78 78
78 78 78 7E 7E 7E 7E 7E 7E 7C 7C 64 78 78 78 78
78 78 78 78 78 78 78 78 78 78 78 78 78 78 78 78
78 78 78 78 78 78 78 78 78 78 78 78 78 78 78 78
78 78 78 78 78 7E 7E 7E 7E 7E 7E 7C 7C 6C 78 78
78 78 78 78 78 78 78 78 78 78 78 78 78 78 78 78
78 78 78 78 78 78 78 78 78 78 78 78 78 78 78 78
78 78 78 78 78 78 78 7E 7E 7E 7E 7E 7E 7C 7C 64
78 78 78 78 78 78 78 78 78 78 78 78 78 78 78 78
78 78 78 78 78 78 78 78 78 78 78 78 78 78 78 78
78 78 78 78 78 78 78 78 78 7E 7E 7E 7E 7E 7E 7C
7C 6C 78 78 78 78 78 78 78 78 78 78 78 78 78 78
78 78 78 78 78 78 78 78 78 78 78 78 78 78 78 78
78 78 78 78 78 78 78 78 78 78 78 7E 7E 7E 7E 7E
7E 7C 7C 64 78 78 78 78 78 78 78 78 78 78 78 78
78 78 78 78 78 78 78 78 78 78 78 78 78 78 78 78
78 78 78 78 78 78 78 78 78 78 78 78 78 7E 7E 7E
7E 7E 7E 7C 7C 6C 78 78 78 78 78 78 78 78 78 78
78 78 78 78 78 78 78 78 78 78 78 78 78 78 78 78
78 78 78 78 78 78 78 78 78 78 78 78 78 78 78 7E
7E 7E 7E 7E 7E 7C 7C 64 78 78 78 78 78 78 78 78
78 78 78 78 78 78 78 78 78 78 78 78 78 78 78 78
78 78 78 78 78 78 78 78 78 78 78 78 78 78 78 78
78 7E 7E 7E 7E 7E 7E 7C 7C 6C 78 78 78 78 78 78
78 78 78 78 78 78 78 78 78 78 78 78 78 78 78 78
78 78 78 78 78 78 78 78 78 78 78 78 78 78 78 78
78 78 78 7E 7E 7E 7E 7E 7E 7C 7C 64 78 78 78 78
78 78 78 78 78 78 78 78 78 78 78 78 78 78 78 78
78 78 78 78 78 78 78 78 78 78 78 78 78 78 78 78
78 78 78 78 78 7E 7E 7E 7E 7E 7E 7C 7C 6C 78 78
78 78 78 78 78 78 78 78 78 78 78 78 78 78 78 78
78 78 78 78 78 78 78 78 78 78 78 78 78 78 78 78
78 78 78 78 78 78 78 7E 7E 7E 7E 7E 7E 7C 7C 64
78 78 78 78 78 78 78 78 78 78 78 78 78 78 78 78
78 78 78 78 78 78 78 78 78 78 78 78 78 78 78 78
78 78 78 78 78 78 78 78 78 7E 7E 7E 7E 7E 7E 7C
7C 6C 78 78 78 78 78 78 78 78 78 78 78 78 78 78
78 78 78 78 78 78 78 78 78 78 78 78 78 78 78 78
78 78 78 78 78 78 78 78 78 78 78 7E 7E 7E 7E 7E
7E 7C 7C 64 78 78 78 78 78 78 78 78 78 78 78 78
78 78 78 78 78 78 78 78 78 78 78 78 78 78 78 78
78 78 78 78 78 78 78 78 78 78 78 78 78 7E 7E 7E
7E 7E 7E 7C 7C 6C 78 78 78 78 78 78 78 78 78 78
78 78 78 78 78 78 78 78 78 78 78 78 78 78 78 78
78 78 78 78 78 78 78 78 78 78 78 78 78 78 78 7E
7E 7E 7E 7E 7E 7C 7C 64 78 78 78 78 78 78 78 78
78 78 78 78 78 78 78 78 78 78 78 78 78 78 78 78
78 78 78 78 78 78 78 78 78 78 78 78 78 78 78 78
78 7E 7E 7E 7E 7E 7E 7C 7C 6C 78 78 78 78 78 78
78 78 78 78 78 78 78 78 78 78 78 78 78 78 78 78
78 78 78 78 78 78 78 78 78 78 78 78 78 78 78 78
78 78 78 7E 7E 7E 7E 7E 7E 7C 7C 64 78 78 78 78
78 78 78 78 78 78 78 78 78 78 78 78 78 78 78 78
78 78 78 78 78 78 78 78 78 78 78 78 78 78 78 78
78 78 78 78 78 7E 7E 7E 7E 7E 7E 7C 7C 6C 78 78
78 78 78 78 78 78 78 78 78 78 78 78 78 78 78 78
78 78 78 78 78 78 78 78 78 78 78 78 78 78 78 78
78 78 78 78 78 78 78 7E 7E 7E 7E 7E 7E 7C 7C 64
78 78 78 78 78 78 78 78 78 78 78 78 78 78 78 78
78 78 78 78 78 78 78 78 78 78 78 78 78 78 78 78
78 78 78 78 78 78 78 78 78 7E 7E 7E 7E 7E 7E 7C
7C 6C 78 78 78 78 78 78 78 78 78 78 78 78 78 78
78 78 78 78 78 78 78 78 78 78 78 78 78 78 78 78
78 78 78 78 78 78 78 78 78 78 78 7E 7E 7E 7E 7E
7E 7C 7C 64 78 78 78 78 78 78 78 78 78 78 78 78
78 78 78 78 78 78 78 78 78 78 78 78 78 78 78 78
78 78 78 78 78 78 78 78 78 78 78 78 78 7E 7E 7E
7E 7E 7E 7C 7C 6C 78 78 78 78 78 78 78 78 78 78
78 78 78 78 78 78 78 78 78 78 78 78 78 78 78 78
78 78 78 78 78 78 78 78 78 78 78 78 78 78 78 7E
7E 7E 7E 7E 7E 7C 7C 64 78 78 78 78 78 78 78 78
78 78 78 78 78 78 78 78 78 78 78 78 78 78 78 78
78 78 78 78 78 78 78 78 78 78 78 78 78 78 78 78
78 7E 7E 7E 7E 7E 7E 7C 7C 6C 78 78 78 78 78 78
78 78 78 78 78 78 78 78 78 78 78 78 78 78 78 78
78 78 78 78 78 78 78 78 78 78 78 78 78 78 78 78
78 78 78 7E 7E 7E 7E 7E 7E 7C 7C 64 78 78 78 78
78 78 78 78 78 78 78 78 78 78 78 78 78 78 78 78
78 78 78 78 78 78 78 78 78 78 78 78 78 78 78 78
78 78 78 78 78 7E 7E 7E 7E 7E 7E 7C 7C 6C 78 78
78 78 78 78 78 78 78 78 78 78 78 78 78 78 78 78
78 78 78 78 78 78 78 78 78 78 78 78 78 78 78 78
78 78 78 78 78 78 78 7E 7E 7E 7E 7E 7E 7C 7C 64
78 78 78 78 78 78 78 78 78 78 78 78 78 78 78 78
78 78 78 78 78 78 78 78 78 78 78 78 78 78 78 78
78 78 78 78 78 78 78 78 78 7E 7E 7E 7E 7E 7E 7C
7C 6C 78 78 78 78 78 78 78 78 78 78 78 78 78 78
78 78 78 78 78 78 78 78 78 78 78 78 78 78 78 78
78 78 78 78 78 78 78 78 78 78 78 7E 7E 7E 7E 7E
7E 7C 7C 64 78 78 78 78 78 78 78 78 78 78 78 78
78 78 78 78 78 78 78 78 78 78 78 78 78 78 78 78
78 78 78 78 78 78 78 78 78 78 78 78 78 7E 7E 7E
7E 7E 7E 7C 7C 6C 78 78 78 78 78 78 78 78 78 78
78 78 78 78 78 78 78 78 78 78 78 78 78 78 78 78
78 78 78 78 78 78 78 78 78 78 78 78 78 78 78 7E
7E 7E 7E 7E 7E 7C 7C 64 78 78 78 78 78 78 78 78
78 78 78 78 78 78 78 78 78 78 78 78 78 78 78 78
78 78 78 78 78 78 78 78 78 78 78 78 78 78 78 78
78 7E 7E 7E 7E 7E 7E 7C 7C 6C 78 78 78 78 78 78
78 78 78 78 78 78 78 78 78 78 78 78 78 78 78 78
78 78 78 78 78 78 78 78 78 78 78 78 78 78 78 78
78 78 78 7E 7E 7E 7E 7E 7E 7C 7C 64 78 78 78 78
78 78 78 78 78 78 78 78 78 78 78 78 78 78 78 78
78 78 78 78 78 78 78 78 78 78 78 78 78 78 78 78
78 78 78 78 78 7E 7E 7E 7E 7E 7E 7C 7C 6C 78 78
78 78 78 78 78 78 78 78 78 78 78 78 78 78 78 78
78 78 78 78 78 78 78 78 78 78 78 78 78 78 78 78
78 78 78 78 78 78 78 7E 7E 7E 7E 7E 7E 7C 7C 64
78 78 78 78 78 78 78 78 78 78 78 78 78 78 78 78
78 78 78 78 78 78 78 78 78 78 78 78 78 78 78 78
78 78 78 78 78 78 78 78 78 7E 7E 7E 7E 7E 7E 7C
7C 6C 78 78 78 78 78 78 78 78 78 78 78 78 78 78
78 78 78 78 78 78 78 78 78 78 78 78 78 78 78 78
78 78 78 78 78 78 78 78 78 78 78 7E 7E 7E 7E 7E
7E 7C 7C 64 78 78 78 78 78 78 78 78 78 78 78 78
78 78 78 78 78 78 78 78 78 78 78 78 78 78 78 78
78 78 78 78 78 78 78 78 78 78 78 78 78 7E 7E 7E
7E 7E 7E 7C 7C 6C 78 78 78 78 78 78 78 78 78 78
78 78 78 78 78 78 78 78 78 78 78 78 78 78 78 78
78 78 78 78 78 78 78 78 78 78 78 78 78 78 78 7E
7E 7E 7E 7E 7E 7C 7C 64 78 78 78 78 78 78 78 78
78 78 78 78 78 78 78 78 78 78 78 78 78 78 78 78
78 78 78 78 78 78 78 78 78 78 78 78 78 78 78 78
78 7E 7E 7E 7E 7E 7E 7C 7C 6C 78 78 78 78 78 78
78 78 78 78 78 78 78 78 78 78 78 78 78 78 78 78
78 78 78 78 78 78 78 78 78 78 78 78 78 78 78 78
78 78 78 7E 7E 7E 7E 7E 7E 7C 7C 64 78 78 78 78
78 78 78 78 78 78 78 78 78 78 78 78 78 78 78 78
78 78 78 78 78 78 78 78 78 78 78 78 78 78 78 78
78 78 78 78 78 7E 7E 7E 7E 7E 7E 7C 7C 6C 78 78
78 78 78 78 78 78 78 78 78 78 78 78 78 78 78 78
78 78 78 78 78 78 78 78 78 78 78 78 78 78 78 78
78 78 78 78 78 78 78 7E 7E 7E 7E 7E 7E 7C 7C 64
78 78 78 78 78 78 78 78 78 78 78 78 78 78 78 78
78 78 78 78 78 78 78 78 78 78 78 78 78 78 78 78
78 78 78 78 78 78 78 78 78 7E 7E 7E 7E 7E 7E 7C
7C 6C 78 78 78 78 78 78 78 78 78 78 78 78 78 78
78 78 78 78 78 78 78 78 78 78 78 78 78 78 78 78
78 78 78 78 78 78 78 78 78 78 78 7E 7E 7E 7E 7E
7E 7C 7C 64 78 78 78 78 78 78 78 78 78 78 78 78
78 78 78 78 78 78 78 78 78 78 78 78 78 78 78 78
78 78 78 78 78 78 78 78 78 78 78 78 78 7E 7E 7E
7E 7E 7E 7C 7C 6C 78 78 78 78 78 78 78 78 78 78
78 78 78 78 78 78 78 78 78 78 78 78 78 78 78 78
78 78 78 78 78 78 78 78 78 78 78 78 78 78 78 7E
7E 7E 7E 7E 7E 7C 7C 64 78 78 78 78 78 78 78 78
78 78 78 78 78 78 78 78 78 78 78 78 78 78 78 78
78 78 78 78 78 78 78 78 78 78 78 78 78 78 78 78
78 7E 7E 7E 7E 7E 7E 7C 7C 6C 78 78 78 78 78 78
78 78 78 78 78 78 78 78 78 78 78 78 78 78 78 78
78 78 78 78 78 78 78 78 78 78 78 78 78 78 78 78
78 78 78 7E 7E 7E 7E 7E 7E 7C 7C 64 78 78 78 78
78 78 78 78 78 78 78 78 78 78 78 78 78 78 78 78
78 78 78 78 78 78 78 78 78 78 78 78 78 78 78 78
78 78 78 78 78 7E 7E 7E 7E 7E 7E 7C 7C 6C 78 78
78 78 78 78 78 78 78 78 78 78 78 78 78 78 78 78
78 78 78 78 78 78 78 78 78 78 78 78 78 78 78 78
78 78 78 78 78 78 78 7E 7E 7E 7E 7E 7E 7C 7C 64
78 78 78 78 78 78 78 78 78 78 78 78 78 78 78 78
78 78 78 78 78 78 78 78 78 78 78 78 78 78 78 78
78 78 78 78 78 78 78 78 78 7E 7E 7E 7E 7E 7E 7C
7C 6C 78 78 78 78 78 78 78 78 78 78 78 78 78 78
78 78 78 78 78 78 78 78 78 78 78 78 78 78 78 78
78 78 78 78 78 78 78 78 78 78 78 7E 7E 7E 7E 7E
7E 7C 7C 64 78 78 78 78 78 78 78 78 78 78 78 78
78 78 78 78 78 78 78 78 78 78 78 78 78 78 78 78
78 78 78 78 78 78 78 78 78 78 78 78 78 7E 7E 7E
7E 7E 7E 7C 7C 6C 78 78 78 78 78 78 78 78 78 78
78 78 78 78 78 78 78 78 78 78 78 78 78 78 78 78
78 78 78 78 78 78 78 78 78 78 78 78 78 78 78 7E
7E 7E 7E 7E 7E 7C 7C 64 78 78 78 78 78 78 78 78
78 78 78 78 78 78 78 78 78 78 78 78 78 78 78 78
78 78 78 78 78 78 78 78 78 78 78 78 78 78 78 78
78 7E 7E 7E 7E 7E 7E 7C 7C 6C 78 78 78 78 78 78
78 78 78 78 78 78 78 78 78 78 78 78 78 78 78 78
78 78 78 78 78 78 78 78 78 78 78 78 78 78 78 78
78 78 78 7E 7E 7E 7E 7E 7E 7C 7C 64 78 78 78 78
78 78 78 78 78 78 78 78 78 78 78 78 78 78 78 78
78 78 78 78 78 78 78 78 78 78 78 78 78 78 78 78
78 78 78 78 78 7E 7E 7E 7E 7E 7E 7C 7C 6C 78 78
78 78 78 78 78 78 78 78 78 78 78 78 78 78 78 78
78 78 78 78 78 78 78 78 78 78 78 78 78 78 78 78
78 78 78 78 78 78 78 7E 7E 7E 7E 7E 7E 7C 7C 64
78 78 78 78 78 78 78 78 78 78 78 78 78 78 78 78
78 78 78 78 78 78 78 78 78 78 78 78 78 78 78 78
78 78 78 78 78 78 78 78 78 7E 7E 7E 7E 7E 7E 7C
7C 6C 78 78 78 78 78 78 78 78 78 78 78 78 78 78
78 78 78 78 78 78 78 78 78 78 78 78 78 78 78 78
78 78 78 78 78 78 78 78 78 78 78 7E 7E 7E 7E 7E
7E 7C 7C 64 78 78 78 78 78 78 78 78 78 78 78 78
78 78 78 78 78 78 78 78 78 78 78 78 78 78 78 78
78 78 78 78 78 78 78 78 78 78 78 78 78 7E 7E 7E
7E 7E 7E 7C 7C 6C 78 78 78 78 78 78 78 78 78 78
78 78 78 78 78 78 78 78 78 78 78 78 78 78 78 78
78 78 78 78 78 78 78 78 78 78 78 78 78 78 78 7E
7E 7E 7E 7E 7E 7C 7C 64 78 78 78 78 78 78 78 78
78 78 78 78 78 78 78 78 78 78 78 78 78 78 78 78
78 78 78 78 78 78 78 78 78 78 78 78 78 78 78 78
78 7E 7E 7E 7E 7E 7E 7C 7C 6C 78 78 78 78 78 78
78 78 78 78 78 78 78 78 78 78 78 78 78 78 78 78
78 78 78 78 78 78 78 78 78 78 78 78 78 78 78 78
78 78 78 7E 7E 7E 7E 7E 7E 7C 7C 64 78 78 78 78
78 78 78 78 78 78 78 78 78 78 78 78 78 78 78 78
78 78 78 78 78 78 78 78 78 78 78 78 78 78 78 78
78 78 78 78 78 7E 7E 7E 7E 7E 7E 7C 7C 6C 78 78
78 78 78 78 78 78 78 78 78 78 78 78 78 78 78 78
78 78 78 78 78 78 78 78 78 78 78 78 78 78 78 78
78 78 78 78 78 78 78 7E 7E 7E 7E 7E 7E 7C 7C 64
78 78 78 78 78 78 78 78 78 78 78 78 78 78 78 78
78 78 78 78 78 78 78 78 78 78 78 78 78 78 78 78
78 78 78 78 78 78 78 78 78 7E 7E 7E 7E 7E 7E 7C
7C 6C 78 78 78 78 78 78 78 78 78 78 78 78 78 78
78 78 78 78 78 78 78 78 78 78 78 78 78 78 78 78
78 78 78 78 78 78 78 78 78 78 78 7E 7E 7E 7E 7E
7E 7C 7C 64 78 78 78 78 78 78 78 78 78 78 78 78
78 78 78 78 78 78 78 78 78 78 78 78 78 78 78 78
78 78 78 78 78 78 78 78 78 78 78 78 78 7E 7E 7E
7E 7E 7E 7C 7C 6C 78 78 78 78 78 78 78 78 78 78
78 78 78 78 78 78 78 78 78 78 78 78 78 78 78 78
78 78 78 78 78 78 78 78 78 78 78 78 78 78 78 7E
7E 7E 7E 7E 7E 7C 7C 64 78 78 78 78 78 78 78 78
78 78 78 78 78 78 78 78 78 78 78 78 78 78 78 78
78 78 78 78 78 78 78 78 78 78 78 78 78 78 78 78
78 7E 7E 7E 7E 7E 7E 7C 7C 6C 78 78 78 78 78 78
78 78 78 78 78 78 78 78 78 78 78 78 78 78 78 78
78 78 78 78 78 78 78 78 78 78 78 78 78 78 78 78
78 78 78 7E 7E 7E 7E 7E 7E 7C 7C 64 78 78 78 78
78 78 78 78 78 78 78 78 78 78 78 78 78 78 78 78
78 78 78 78 78 78 78 78 78 78 78 78 78 78 78 78
78 78 78 78 78 7E 7E 7E 7E 7E 7E 7C 7C 6C 78 78
78 78 78 78 78 78 78 78 78 78 78 78 78 78 78 78
78 78 78 78 78 78 78 78 78 78 78 78 78 78 78 78
78 78 78 78 78 78 78 7E 7E 7E 7E 7E 7E 7C 7C 64
78 78 78 78 78 78 78 78 78 78 78 78 78 78 78 78
78 78 78 78 78 78 78 78 78 78 78 78 78 78 78 78
78 78 78 78 78 78 78 78 78 7E 7E 7E 7E 7E 7E 7C
7C 6C 78 78 78 78 78 78 78 78 78 78 78 78 78 78
78 78 78 78 78 78 78 78 78 78 78 78 78 78 78 78
78 78 78 78 78 78 78 78 78 78 78 7E 7E 7E 7E 7E
7E 7C 7C 64 78 78 78 78 78 78 78 78 78 78 78 78
78 78 78 78 78 78 78 78 78 78 78 78 78 78 78 78
78 78 78 78 78 78 78 78 78 78 78 78 78 7E 7E 7E
7E 7E 7E 7C 7C 6C 78 78 78 78 78 78 78 78 78 78
78 78 78 78 78 78 78 78 78 78 78 78 78 78 78 78
78 78 78 78 78 78 78 78 78 78 78 78 78 78 78 7E
7E 7E 7E 7E 7E 7C 7C 64 78 78 78 78 78 78 78 78
78 78 78 78 78 78 78 78 78 78 78 78 78 78 78 78
78 78 78 78 78 78 78 78 78 78 78 78 78 78 78 78
78 7E 7E 7E 7E 7E 7E 7C 7C 6C 78 78 78 78 78 78
78 78 78 78 78 78 78 78 78 78 78 78 78 78 78 78
78 78 78 78 78 78 78 78 78 78 78 78 78 78 78 78
78 78 78 7E 7E 7E 7E 7E 7E 7C 7C 64 78 78 78 78
78 78 78 78 78 78 78 78 78 78 78 78 78 78 78 78
78 78 78 78 78 78 78 78 78 78 78 78 78 78 78 78
78 78 78 78 78 7E 7E 7E 7E 7E 7E 7C 7C 6C 78 78
78 78 78 78 78 78 78 78 78 78 78 78 78 78 78 78
78 78 78 78 78 78 78 78 78 78 78 78 78 78 78 78
78 78 78 78 78 78 78 7E 7E 7E 7E 7E 7E 7C 7C 64
78 78 78 78 78 78 78 78 78 78 78 78 78 78 78 78
78 78 78 78 78 78 78 78 78 78 78 78 78 78 78 78
78 78 78 78 78 78 78 78 78 7E 7E 7E 7E 7E 7E 7C
7C 6C 78 78 78 78 78 78 78 78 78 78 78 78 78 78
78 78 78 78 78 78 78 78 78 78 78 78 78 78 78 78
78 78 78 78 78 78 78 78 78 78 78 7E 7E 7E 7E 7E
7E 7C 7C 64 78 78 78 78 78 78 78 78 78 78 78 78
78 78 78 78 78 78 78 78 78 78 78 78 78 78 78 78
78 78 78 78 78 78 78 78 78 78 78 78 78 7E 7E 7E
7E 7E 7E 7C 7C 6C 78 78 78 78 78 78 78 78 78 78
78 78 78 78 78 78 78 78 78 78 78 78 78 78 78 78
78 78 78 78 78 78 78 78 78 78 78 78 78 78 78 7E
7E 7E 7E 7E 7E 7C 7C 64 78 78 78 78 78 78 78 78
78 78 78 78 78 78 78 78 78 78 78 78 78 78 78 78
78 78 78 78 78 78 78 78 78 78 78 78 78 78 78 78
78 7E 7E 7E 7E 7E 7E 7C 7C 6C 78 78 78 78 78 78
78 78 78 78 78 78 78 78 78 78 78 78 78 78 78 78
78 78 78 78 78 78 78 78 78 78 78 78 78 78 78 78
78 78 78 7E 7E 7E 7E 7E 7E 7C 7C 64 78 78 78 78
78 78 78 78 78 78 78 78 78 78 78 78 78 78 78 78
78 78 78 78 78 78 78 78 78 78 78 78 78 78 78 78
78 78 78 78 78 7E 7E 7E 7E 7E 7E 7C 7C 6C 78 78
78 78 78 78 78 78 78 78 78 78 78 78 78 78 78 78
78 78 78 78 78 78 78 78 78 78 78 78 78 78 78 78
78 78 78 78 78 78 78 7E 7E 7E 7E 7E 7E 7C 7C 64
78 78 78 78 78 78 78 78 78 78 78 78 78 78 78 78
78 78 78 78 78 78 78 78 78 78 78 78 78 78 78 78
78 78 78 78 78 78 78 78 78 7E 7E 7E 7E 7E 7E 7C
7C 6C 78 78 78 78 78 78 78 78 78 78 78 78 78 78
78 78 78 78 78 78 78 78 78 78 78 78 78 78 78 78
78 78 78 78 78 78 78 78 78 78 78 7E 7E 7E 7E 7E
7E 7C 7C 64 78 78 78 78 78 78 78 78 78 78 78 78
78 78 78 78 78 78 78 78 78 78 78 78 78 78 78 78
78 78 78 78 78 78 78 78 78 78 78 78 78 7E 7E 7E
7E 7E 7E 7C 7C 6C 78 78 78 78 78 78 78 78 78 78
78 78 78 78 78 78 78 78 78 78 78 78 78 78 78 78
78 78 78 78 78 78 78 78 78 78 78 78 78 78 78 7E
7E 7E 7E 7E 7E 7C 7C 64 78 78 78 78 78 78 78 78
78 78 78 78 78 78 78 78 78 78 78 78 78 78 78 78
78 78 78 78 78 78 78 78 78 78 78 78 78 78 78 78
78 7E 7E 7E 7E 7E 7E 7C 7C 6C 78 78 78 78 78 78
78 78 78 78 78 78 78 78 78 78 78 78 78 78 78 78
78 78 78 78 78 78 78 78 78 78 78 78 78 78 78 78
78 78 78 7E 7E 7E 7E 7E 7E 7C 7C 64 78 78 78 78
78 78 78 78 78 78 78 78 78 78 78 78 78 78 78 78
78 78 78 78 78 78 78 78 78 78 78 78 78 78 78 78
78 78 78 78 78 7E 7E 7E 7E 7E 7E 7C 7C 6C 78 78
78 78 78 78 78 78 78 78 78 78 78 78 78 78 78 78
78 78 78 78 78 78 78 78 78 78 78 78 78 78 78 78
78 78 78 78 78 78 78 7E 7E 7E 7E 7E 7E 7C 7C 64
78 78 78 78 78 78 78 78 78 78 78 78 78 78 78 78
78 78 78 78 78 78 78 78 78 78 78 78 78 78 78 78
78 78 78 78 78 78 78 78 78 7E 7E 7E 7E 7E 7E 7C
7C 6C 78 78 78 78 78 78 78 78 78 78 78 78 78 78
78 78 78 78 78 78 78 78 78 78 78 78 78 78 78 78
78 78 78 78 78 78 78 78 78 78 78 7E 7E 7E 7E 7E
7E 7C 7C 64 78 78 78 78 78 78 78 78 78 78 78 78
78 78 78 78 78 78 78 78 78 78 78 78 78 78 78 78
78 78 78 78 78 78 78 78 78 78 78 78 78 7E 7E 7E
7E 7E 7E 7C 7C 6C 78 78 78 78 78 78 78 78 78 78
78 78 78 78 78 78 78 78 78 78 78 78 78 78 78 78
78 78 78 78 78 78 78 78 78 78 78 78 78 78 78 7E
7E 7E 7E 7E 7E 7C 7C 64 78 78 78 78 78 78 78 78
78 78 78 78 78 78 78 78 78 78 78 78 78 78 78 78
78 78 78 78 78 78 78 78 78 78 78 78 78 78 78 78
78 7E 7E 7E 7E 7E 7E 7C 7C 6C 78 78 78 78 78 78
78 78 78 78 78 78 78 78 78 78 78 78 78 78 78 78
78 78 78 78 78 78 78 78 78 78 78 78 78 78 78 78
78 78 78 7E 7E 7E 7E 7E 7E 7C 7C 64 78 78 78 78
78 78 78 78 78 78 78 78 78 78 78 78 78 78 78 78
78 78 78 78 78 78 78 78 78 78 78 78 78 78 78 78
78 78 78 78 78 7E 7E 7E 7E 7E 7E 7C 7C 6C 78 78
78 78 78 78 78 78 78 78 78 78 78 78 78 78 78 78
78 78 78 78 78 78 78 78 78 78 78 78 78 78 78 78
78 78 78 78 78 78 78 7E 7E 7E 7E 7E 7E 7C 7C 64
78 78 78 78 78 78 78 78 78 78 78 78 78 78 78 78
78 78 78 78 78 78 78 78 78 78 78 78 78 78 78 78
78 78 78 78 78 78 78 78 78 7E 7E 7E 7E 7E 7E 7C
7C 6C 78 78 78 78 78 78 78 78 78 78 78 78 78 78
78 78 78 78 78 78 78 78 78 78 78 78 78 78 78 78
78 78 78 78 78 78 78 78 78 78 78 7E 7E 7E 7E 7E
7E 7C 7C 64 78 78 78 78 78 78 78 78 78 78 78 78
78 78 78 78 78 78 78 78 78 78 78 78 78 78 78 78
78 78 78 78 78 78 78 78 78 78 78 78 78 7E 7E 7E
7E 7E 7E 7C 7C 6C 78 78 78 78 78 78 78 78 78 78
78 78 78 78 78 78 78 78 78 78 78 78 78 78 78 78
78 78 78 78 78 78 78 78 78 78 78 78 78 78 78 7E
7E 7E 7E 7E 7E 7C 7C 64 78 78 78 78 78 78 78 78
78 78 78 78 78 78 78 78 78 78 78 78 78 78 78 78
78 78 78 78 78 78 78 78 78 78 78 78 78 78 78 78
78 7E 7E 7E 7E 7E 7E 7C 7C 6C 78 78 78 78 78 78
78 78 78 78 78 78 78 78 78 78 78 78 78 78 78 78
78 78 78 78 78 78 78 78 78 78 78 78 78 78 78 78
78 78 78 7E 7E 7E 7E 7E 7E 7C 7C 64 78 78 78 78
78 78 78 78 78 78 78 78 78 78 78 78 78 78 78 78
78 78 78 78 78 78 78 78 78 78 78 78 78 78 78 78
78 78 78 78 78 7E 7E 7E 7E 7E 7E 7C 7C 6C 78 78
78 78 78 78 78 78 78 78 78 78 78 78 78 78 78 78
78 78 78 78 78 78 78 78 78 78 78 78 78 78 78 78
78 78 78 78 78 78 78 7E 7E 7E 7E 7E 7E 7C 7C 64
78 78 78 78 78 78 78 78 78 78 78 78 78 78 78 78
78 78 78 78 78 78 78 78 78 78 78 78 78 78 78 78
78 78 78 78 78 78 78 78 78 7E 7E 7E 7E 7E 7E 7C
7C 6C 78 78 78 78 78 78 78 78 78 78 78 78 78 78
78 78 78 78 78 78 78 78 78 78 78 78 78 78 78 78
78 78 78 78 78 78 78 78 78 78 78 7E 7E 7E 7E 7E
7E 7C 7C 64 78 78 78 78 78 78 78 78 78 78 78 78
78 78 78 78 78 78 78 78 78 78 78 78 78 78 78 78
78 78 78 78 78 78 78 78 78 78 78 78 78 7E 7E 7E
7E 7E 7E 7C 7C 6C 78 78 78 78 78 78 78 78 78 78
78 78 78 78 78 78 78 78 78 78 78 78 78 78 78 78
78 78 78 78 78 78 78 78 78 78 78 78 78 78 78 7E
7E 7E 7E 7E 7E 7C 7C 64 78 78 78 78 78 78 78 78
78 78 78 78 78 78 78 78 78 78 78 78 78 78 78 78
78 78 78 78 78 78 78 78 78 78 78 78 78 78 78 78
78 7E 7E 7E 7E 7E 7E 7C 7C 6C 78 78 78 78 78 78
78 78 78 78 78 78 78 78 78 78 78 78 78 78 78 78
78 78 78 78 78 78 78 78 78 78 78 78 78 78 78 78
78 78 78 7E 7E 7E 7E 7E 7E 7C 7C 64 78 78 78 78
78 78 78 78 78 78 78 78 78 78 78 78 78 78 78 78
78 78 78 78 78 78 78 78 78 78 78 78 78 78 78 78
78 78 78 78 78 7E 7E 7E 7E 7E 7E 7C 7C 6C 78 78
78 78 78 78 78 78 78 78 78 78 78 78 78 78 78 78
78 78 78 78 78 78 78 78 78 78 78 78 78 78 78 78
78 78 78 78 78 78 78 7E 7E 7E 7E 7E 7E 7C 7C 64
78 78 78 78 78 78 78 78 78 78 78 78 78 78 78 78
78 78 78 78 78 78 78 78 78 78 78 78 78 78 78 78
78 78 78 78 78 78 78 78 78 7E 7E 7E 7E 7E 7E 7C
7C 6C 78 78 78 78 78 78 78 78 78 78 78 78 78 78
78 78 78 78 78 78 78 78 78 78 78 78 78 78 78 78
78 78 78 78 78 78 78 78 78 78 78 7E 7E 7E 7E 7E
7E 7C 7C 64 78 78 78 78 78 78 78 78 78 78 78 78
78 78 78 78 78 78 78 78 78 78 78 78 78 78 78 78
78 78 78 78 78 78 78 78 78 78 78 78 78 7E 7E 7E
7E 7E 7E 7C 7C 6C 78 78 78 78 78 78 78 78 78 78
78 78 78 78 78 78 78 78 78 78 78 78 78 78 78 78
78 78 78 78 78 78 78 78 78 78 78 78 78 78 78 7E
7E 7E 7E 7E 7E 7C 7C 64 78 78 78 78 78 78 78 78
78 78 78 78 78 78 78 78 78 78 78 78 78 78 78 78
78 78 78 78 78 78 78 78 78 78 78 78 78 78 78 78
78 7E 7E 7E 7E 7E 7E 7C 7C 6C 78 78 78 78 78 78
78 78 78 78 78 78 78 78 78 78 78 78 78 78 78 78
78 78 78 78 78 78 78 78 78 78 78 78 78 78 78 78
78 78 78 7E 7E 7E 7E 7E 7E 7C 7C 64 78 78 78 78
78 78 78 78 78 78 78 78 78 78 78 78 78 78 78 78
78 78 78 78 78 78 78 78 78 78 78 78 78 78 78 78
78 78 78 78 78 7E 7E 7E 7E 7E 7E 7C 7C 6C 78 78
78 78 78 78 78 78 78 78 78 78 78 78 78 78 78 78
78 78 78 78 78 78 78 78 78 78 78 78 78 78 78 78
78 78 78 78 78 78 78 7E 7E 7E 7E 7E 7E 7C 7C 64
78 78 78 78 78 78 78 78 78 78 78 78 78 78 78 78
78 78 78 78 78 78 78 78 78 78 78 78 78 78 78 78
78 78 78 78 78 78 78 78 78 7E 7E 7E 7E 7E 7E 7C
7C 6C 78 78 78 78 78 78 78 78 78 78 78 78 78 78
78 78 78 78 78 78 78 78 78 78 78 78 78 78 78 78
78 78 78 78 78 78 78 78 78 78 78 7E 7E 7E 7E 7E
7E 7C 7C 64 78 78 78 78 78 78 78 78 78 78 78 78
78 78 78 78 78 78 78 78 78 78 78 78 78 78 78 78
78 78 78 78 78 78 78 78 78 78 78 78 78 7E 7E 7E
7E 7E 7E 7C 7C 6C 78 78 78 78 78 78 78 78 78 78
78 78 78 78 78 78 78 78 78 78 78 78 78 78 78 78
78 78 78 78 78 78 78 78 78 78 78 78 78 78 78 7E
7E 7E 7E 7E 7E 7C 7C 64 78 78 78 78 78 78 78 78
78 78 78 78 78 78 78 78 78 78 78 78 78 78 78 78
78 78 78 78 78 78 78 78 78 78 78 78 78 78 78 78
78 7E 7E 7E 7E 7E 7E 7C 7C 6C 78 78 78 78 78 78
78 78 78 78 78 78 78 78 78 78 78 78 78 78 78 78
78 78 78 78 78 78 78 78 78 78 78 78 78 78 78 78
78 78 78 7E 7E 7E 7E 7E 7E 7C 7C 64 78 78 78 78
78 78 78 78 78 78 78 78 78 78 78 78 78 78 78 78
78 78 78 78 78 78 78 78 78 78 78 78 78 78 78 78
78 78 78 78 78 7E 7E 7E 7E 7E 7E 7C 7C 6C 78 78
78 78 78 78 78 78 78 78 78 78 78 78 78 78 78 78
78 78 78 78 78 78 78 78 78 78 78 78 78 78 78 78
78 78 78 78 78 78 78 7E 7E 7E 7E 7E 7E 7C 7C 64
78 78 78 78 78 78 78 78 78 78 78 78 78 78 78 78
78 78 78 78 78 78 78 78 78 78 78 78 78 78 78 78
78 78 78 78 78 78 78 78 78 7E 7E 7E 7E 7E 7E 7C
7C 6C 78 78 78 78 78 78 78 78 78 78 78 78 78 78
78 78 78 78 78 78 78 78 78 78 78 78 78 78 78 78
78 78 78 78 78 78 78 78 78 78 78 7E 7E 7E 7E 7E
7E 7C 7C 64 78 78 78 78 78 78 78 78 78 78 78 78
78 78 78 78 78 78 78 78 78 78 78 78 78 78 78 78
78 78 78 78 78 78 78 78 78 78 78 78 78 7E 7E 7E
7E 7E 7E 7C 7C 6C 78 78 78 78 78 78 78 78 78 78
78 78 78 78 78 78 78 78 78 78 78 78 78 78 78 78
78 78 78 78 78 78 78 78 78 78 78 78 78 78 78 7E
7E 7E 7E 7E 7E 7C 7C 64 78 78 78 78 78 78 78 78
78 78 78 78 78 78 78 78 78 78 78 78 78 78 78 78
78 78 78 78 78 78 78 78 78 78 78 78 78 78 78 78
78 7E 7E 7E 7E 7E 7E 7C 7C 6C 78 78 78 78 78 78
78 78 78 78 78 78 78 78 78 78 78 78 78 78 78 78
78 78 78 78 78 78 78 78 78 78 78 78 78 78 78 78
78 78 78 7E 7E 7E 7E 7E 7E 7C 7C 64 78 78 78 78
78 78 78 78 78 78 78 78 78 78 78 78 78 78 78 78
78 78 78 78 78 78 78 78 78 78 78 78 78 78 78 78
78 78 78 78 78 7E 7E 7E 7E 7E 7E 7C 7C 6C 78 78
78 78 78 78 78 78 78 78 78 78 78 78 78 78 78 78
78 78 78 78 78 78 78 78 78 78 78 78 78 78 78 78
78 78 78 78 78 78 78 7E 7E 7E 7E 7E 7E 7C 7C 64
78 78 78 78 78 78 78 78 78 78 78 78 78 78 78 78
78 78 78 78 78 78 78 78 78 78 78 78 78 78 78 78
78 78 78 78 78 78 78 78 78 7E 7E 7E 7E 7E 7E 7C
7C 6C 78 78 78 78 78 78 78 78 78 78 78 78 78 78
78 78 78 78 78 78 78 78 78 78 78 78 78 78 78 78
78 78 78 78 78 78 78 78 78 78 78 7E 7E 7E 7E 7E
7E 7C 7C 64 78 78 78 78 78 78 78 78 78 78 78 78
78 78 78 78 78 78 78 78 78 78 78 78 78 78 78 78
78 78 78 78 78 78 78 78 78 78 78 78 78 7E 7E 7E
7E 7E 7E 7C 7C 6C 78 78 78 78 78 78 78 78 78 78
78 78 78 78 78 78 78 78 78 78 78 78 78 78 78 78
78 78 78 78 78 78 78 78 78 78 78 78 78 78 78 7E
7E 7E 7E 7E 7E 7C 7C 64 78 78 78 78 78 78 78 78
78 78 78 78 78 78 78 78 78 78 78 78 78 78 78 78
78 78 78 78 78 78 78 78 78 78 78 78 78 78 78 78
78 7E 7E 7E 7E 7E 7E 7C 7C 6C 78 78 78 78 78 78
78 78 78 78 78 78 78 78 78 78 78 78 78 78 78 78
78 78 78 78 78 78 78 78 78 78 78 78 78 78 78 78
78 78 78 7E 7E 7E 7E 7E 7E 7C 7C 64 78 78 78 78
78 78 78 78 78 78 78 78 78 78 78 78 78 78 78 78
78 78 78 78 78 78 78 78 78 78 78 78 78 78 78 78
78 78 78 78 78 7E 7E 7E 7E 7E 7E 7C 7C 6C 78 78
78 78 78 78 78 78 78 78 78 78 78 78 78 78 78 78
78 78 78 78 78 78 78 78 78 78 78 78 78 78 78 78
78 78 78 78 78 78 78 7E 7E 7E 7E 7E 7E 7C 7C 64
78 78 78 78 78 78 78 78 78 78 78 78 78 78 78 78
78 78 78 78 78 78 78 78 78 78 78 78 78 78 78 78
78 78 78 78 78 78 78 78 78 7E 7E 7E 7E 7E 7E 7C
7C 6C 78 78 78 78 78 78 78 78 78 78 78 78 78 78
78 78 78 78 78 78 78 78 78 78 78 78 78 78 78 78
78 78 78 78 78 78 78 78 78 78 78 7E 7E 7E 7E 7E
7E 7C 7C 64 78 78 78 78 78 78 78 78 78 78 78 78
78 78 78 78 78 78 78 78 78 78 78 78 78 78 78 78
78 78 78 78 78 78 78 78 78 78 78 78 78 7E 7E 7E
7E 7E 7E 7C 7C 6C 78 78 78 78 78 78 78 78 78 78
78 78 78 78 78 78 78 78 78 78 78 78 78 78 78 78
78 78 78 78 78 78 78 78 78 78 78 78 78 78 78 7E
7E 7E 7E 7E 7E 7C 7C 64 78 78 78 78 78 78 78 78
78 78 78 78 78 78 78 78 78 78 78 78 78 78 78 78
78 78 78 78 78 78 78 78 78 78 78 78 78 78 78 78
78 7E 7E 7E 7E 7E 7E 7C 7C 6C 78 78 78 78 78 78
78 78 78 78 78 78 78 78 78 78 78 78 78 78 78 78
78 78 78 78 78 78 78 78 78 78 78 78 78 78 78 78
78 78 78 7E 7E 7E 7E 7E 7E 7C 7C 64 78 78 78 78
78 78 78 78 78 78 78 78 78 78 78 78 78 78 78 78
78 78 78 78 78 78 78 78 78 78 78 78 78 78 78 78
78 78 78 78 78 7E 7E 7E 7E 7E 7E 7C 7C 6C 78 78
78 78 78 78 78 78 78 78 78 78 78 78 78 78 78 78
78 78 78 78 78 78 78 78 78 78 78 78 78 78 78 78
78 78 78 78 78 78 78 7E 7E 7E 7E 7E 7E 7C 7C 64
78 78 78 78 78 78 78 78 78 78 78 78 78 78 78 78
78 78 78 78 78 78 78 78 78 78 78 78 78 78 78 78
78 78 78 78 78 78 78 78 78 7E 7E 7E 7E 7E 7E 7C
7C 6C 78 78 78 78 78 78 78 78 78 78 78 78 78 78
78 78 78 78 78 78 78 78 78 78 78 78 78 78 78 78
78 78 78 78 78 78 78 78 78 78 78 7E 7E 7E 7E 7E
7E 7C 7C 64 78 78 78 78 78 78 78 78 78 78 78 78
78 78 78 78 78 78 78 78 78 78 78 78 78 78 78 78
78 78 78 78 78 78 78 78 78 78 78 78 78 7E 7E 7E
7E 7E 7E 7C 7C 6C 78 78 78 78 78 78 78 78 78 78
78 78 78 78 78 78 78 78 78 78 78 78 78 78 78 78
78 78 78 78 78 78 78 78 78 78 78 78 78 78 78 7E
7E 7E 7E 7E 7E 7C 7C 64 78 78 78 78 78 78 78 78
78 78 78 78 78 78 78 78 78 78 78 78 78 78 78 78
78 78 78 78 78 78 78 78 78 78 78 78 78 78 78 78
78 7E 7E 7E 7E 7E 7E 7C 7C 6C 78 78 78 78 78 78
78 78 78 78 78 78 78 78 78 78 78 78 78 78 78 78
78 78 78 78 78 78 78 78 78 78 78 78 78 78 78 78
78 78 78 7E 7E 7E 7E 7E 7E 7C 7C 64 78 78 78 78
78 78 78 78 78 78 78 78 78 78 78 78 78 78 78 78
78 78 78 78 78 78 78 78 78 78 78 78 78 78 78 78
78 78 78 78 78 7E 7E 7E 7E 7E 7E 7C 7C 6C 78 78
78 78 78 78 78 78 78 78 78 78 78 78 78 78 78 78
78 78 78 78 78 78 78 78 78 78 78 78 78 78 78 78
78 78 78 78 78 78 78 7E 7E 7E 7E 7E 7E 7C 7C 64
7C 7C 7C 7C 7C 7C 7C 7C 7C 7C 7C 7C 7C 7C 7C 7C
7C 7C 7C 7C 7C 7C 7C 7C 7C 7C 7C 7C 7C 7C 7C 7C
7C 7C 7C 7C 7C 7C 7C 7C 7C 7E 7E 7E 7E 7E 7E 7C
7C 7C 7C 7C 7C 7C 7C 7C 7C 7C 7C 7C 7C 7C 7C 7C
7C 7C 7C 7C 7C 7C 7C 7C 7C 7C 7C 7C 7C 7C 7C 7C
7C 7C 7C 7C 7C 7C 7C 7C 7C 7C 7C 7E 7E 7E 7E 7E
7E 7C 7C 7C 7C 7C 7C 7C 7C 7C 7C 7C 7C 7C 7C 7C
7C 7C 7C 7C 7C 7C 7C 7C 7C 7C 7C 7C 7C 7C 7C 7C
7C 7C 7C 7C 7C 7C 7C 7C 7C 7C 7C 7C 7C 7E 7E 7E
7E 7E 7E 7C 7C 7C 7C 7C 7C 7C 7C 7C 7C 7C 7C 7C
7C 7C 7C 7C 7C 7C 7C 7C 7C 7C 7C 7C 7C 7C 7C 7C
7C 7C 7C 7C 7C 7C 7C 7C 7C 7C 7C 7C 7C 7C 7C 7E
7E 7E 7E 7E 7E 7C 7C 7C 7C 7C 7C 7C 7C 7C 7C 7C
7C 7C 7C 7C 7C 7C 7C 7C 7C 7C 7C 7C 7C 7C 7C 7C
7C 7C 7C 7C 7C 7C 7C 7C 7C 7C 7C 7C 7C 7C 7C 7C
7C 7E 7E 7E 7E 7E 7E 7C 7C 7C 7C 7C 7C 7C 7C 7C
7C 7C 7C 7C 7C 7C 7C 7C 7C 7C 7C 7C 7C 7C 7C 7C
7C 7C 7C 7C 7C 7C 7C 7C 7C 7C 7C 7C 7C 7C 7C 7C
7C 7C 7C 7E 7E 7E 7E 7E 7E 7C 7C 7C 7C 7C 7C 7C
7C 7C 7C 7C 7C 7C 7C 7C 7C 7C 7C 7C 7C 7C 7C 7C
7C 7C 7C 7C 7C 7C 7C 7C 7C 7C 7C 7C 7C 7C 7C 7C
7C 7C 7C 7C 7C 7E 7E 7E 7E 7E 7E 7C 7C 7C 7C 7C
7C 7C 7C 7C 7C 7C 7C 7C 7C 7C 7C 7C 7C 7C 7C 7C
7C 7C 7C 7C 7C 7C 7C 7C 7C 7C 7C 7C 7C 7C 7C 7C
7C 7C 7C 7C 7C 7C 7C 7E 7E 7E 7E 7E 7E 7C 7C 7C
7C 7C 7C 7C 7C 7C 7C 7C 7C 7C 7C 7C 7C 7C 7C 7C
7C 7C 7C 7C 7C 7C 7C 7C 7C 7C 7C 7C 7C 7C 7C 7C
7C 7C 7C 7C 7C 7C 7C 7C 7C 7E 7E 7E 7E 7E 7E 7C
7C 7C 7C 7C 7C 7C 7C 7C 7C 7C 7C 7C 7C 7C 7C 7C
7C 7C 7C 7C 7C 7C 7C 7C 7C 7C 7C 7C 7C 7C 7C 7C
7C 7C 7C 7C 7C 7C 7C 7C 7C 7C 7C 7E 7E 7E 7E 7E
7E 7C 7C 7C 7D 7D 7D 7D 7D 7D 7D 7D 7D 7D 7D 7D
7D 7D 7D 7D 7D 7D 7D 7D 7D 7D 7D 7D 7D 7D 7D 7D
7D 7D 7D 7D 7D 7D 7D 7D 7D 7D 7D 7D 7D 7F 7F 7F
7F 7F 7F 7D 7D 7D 7D 7D 7D 7D 7D 7D 7D 7D 7D 7D
7D 7D 7D 7D 7D 7D 7D 7D 7D 7D 7D 7D 7D 7D 7D 7D
7D 7D 7D 7D 7D 7D 7D 7D 7D 7D 7D 7D 7D 7D 7D 7F
7F 7F 7F 7F 7F 7D 7D 7D 7C 7C 7C 7C 7C 7C 7C 7C
7C 7C 7C 7C 7C 7C 7C 7C 7C 7C 7C 7C 7C 7C 7C 7C
7C 7C 7C 7C 7C 7C 7C 7C 7C 7C 7C 7C 7C 7C 7C 7C
7C 7E 7E 7E 7E 7E 7E 7C 7C 7C 7C 7C 7C 7C 7C 7C
7C 7C 7C 7C 7C 7C 7C 7C 7C 7C 7C 7C 7C 7C 7C 7C
7C 7C 7C 7C 7C 7C 7C 7C 7C 7C 7C 7C 7C 7C 7C 7C
7C 7C 7C 7E 7E 7E 7E 7E 7E 7C 7C 7C 7C 7C 7C 7C
7C 7C 7C 7C 7C 7C 7C 7C 7C 7C 7C 7C 7C 7C 7C 7C
7C 7C 7C 7C 7C 7C 7C 7C 7C 7C 7C 7C 7C 7C 7C 7C
7C 7C 7C 7C 7C 7E 7E 7E 7E 7E 7E 7C 7C 7C 7C 7C
7C 7C 7C 7C 7C 7C 7C 7C 7C 7C 7C 7C 7C 7C 7C 7C
7C 7C 7C 7C 7C 7C 7C 7C 7C 7C 7C 7C 7C 7C 7C 7C
7C 7C 7C 7C 7C 7C 7C 7E 7E 7E 7E 7E 7E 7C 7C 7C
7C 7C 7C 7C 7C 7C 7C 7C 7C 7C 7C 7C 7C 7C 7C 7C
7C 7C 7C 7C 7C 7C 7C 7C 7C 7C 7C 7C 7C 7C 7C 7C
7C 7C 7C 7C 7C 7C 7C 7C 7C 7E 7E 7E 7E 7E 7E 7C
7C 7C 7C 7C 7C 7C 7C 7C 7C 7C 7C 7C 7C 7C 7C 7C
7C 7C 7C 7C 7C 7C 7C 7C 7C 7C 7C 7C 7C 7C 7C 7C
7C 7C 7C 7C 7C 7C 7C 7C 7C 7C 7C 7E 7E 7E 7E 7E
7E 7C 7C 7C 7C 7C 7C 7C 7C 7C 7C 7C 7C 7C 7C 7C
7C 7C 7C 7C 7C 7C 7C 7C 7C 7C 7C 7C 7C 7C 7C 7C
7C 7C 7C 7C 7C 7C 7C 7C 7C 7C 7C 7C 7C 7E 7E 7E
7E 7E 7E 7C 7C 7C 7C 7C 7C 7C 7C 7C 7C 7C 7C 7C
7C 7C 7C 7C 7C 7C 7C 7C 7C 7C 7C 7C 7C 7C 7C 7C
7C 7C 7C 7C 7C 7C 7C 7C 7C 7C 7C 7C 7C 7C 7C 7E
7E 7E 7E 7E 7E 7C 7C 7C 7C 7C 7C 7C 7C 7C 7C 7C
7C 7C 7C 7C 7C 7C 7C 7C 7C 7C 7C 7C 7C 7C 7C 7C
7C 7C 7C 7C 7C 7C 7C 7C 7C 7C 7C 7C 7C 7C 7C 7C
7C 7E 7E 7E 7E 7E 7E 7C 7C 7C 7C 7C 7C 7C 7C 7C
7C 7C 7C 7C 7C 7C 7C 7C 7C 7C 7C 7C 7C 7C 7C 7C
7C 7C 7C 7C 7C 7C 7C 7C 7C 7C 7C 7C 7C 7C 7C 7C
7C 7C 7C 7E 7E 7E 7E 7E 7E 7C 7C 7C 7C 7C 7C 7C
7C 7C 7C 7C 7C 7C 7C 7C 7C 7C 7C 7C 7C 7C 7C 7C
7C 7C 7C 7C 7C 7C 7C 7C 7C 7C 7C 7C 7C 7C 7C 7C
7C 7C 7C 7C 7C 7E 7E 7E 7E 7E 7E 7C 7C 7C 7C 7C
7C 7C 7C 7C 7C 7C 7C 7C 7C 7C 7C 7C 7C 7C 7C 7C
7C 7C 7C 7C 7C 7C 7C 7C 7C 7C 7C 7C 7C 7C 7C 7C
7C 7C 7C 7C 7C 7C 7C 7E 7E 7E 7E 7E 7E 7C 7C 7C
7C 7C 7C 7C 7C 7C 7C 7C 7C 7C 7C 7C 7C 7C 7C 7C
7C 7C 7C 7C 7C 7C 7C 7C 7C 7C 7C 7C 7C 7C 7C 7C
7C 7C 7C 7C 7C 7C 7C 7C 7C 7E 7E 7E 7E 7E 7E 7C
7C 7C 7C 7C 7C 7C 7C 7C 7C 7C 7C 7C 7C 7C 7C 7C
7C 7C 7C 7C 7C 7C 7C 7C 7C 7C 7C 7C 7C 7C 7C 7C
7C 7C 7C 7C 7C 7C 7C 7C 7C 7C 7C 7E 7E 7E 7E 7E
7E 7C 7C 7C 7C 7C 7C 7C 7C 7C 7C 7C 7C 7C 7C 7C
7C 7C 7C 7C 7C 7C 7C 7C 7C 7C 7C 7C 7C 7C 7C 7C
7C 7C 7C 7C 7C 7C 7C 7C 7C 7C 7C 7C 7C 7E 7E 7E
7E 7E 7E 7C 7C 7C 7C 7C 7C 7C 7C 7C 7C 7C 7C 7C
7C 7C 7C 7C 7C 7C 7C 7C 7C 7C 7C 7C 7C 7C 7C 7C
7C 7C 7C 7C 7C 7C 7C 7C 7C 7C 7C 7C 7C 7C 7C 7E
7E 7E 7E 7E 7E 7C 7C 7C 7C 7C 7C 7C 7C 7C 7C 7C
7C 7C 7C 7C 7C 7C 7C 7C 7C 7C 7C 7C 7C 7C 7C 7C
7C 7C 7C 7C 7C 7C 7C 7C 7C 7C 7C 7C 7C 7C 7C 7C
7C 7E 7E 7E 7E 7E 7E 7C 7C 7C 7C 7C 7C 7C 7C 7C
7C 7C 7C 7C 7C 7C 7C 7C 7C 7C 7C 7C 7C 7C 7C 7C
7C 7C 7C 7C 7C 7C 7C 7C 7C 7C 7C 7C 7C 7C 7C 7C
7C 7C 7C 7E 7E 7E 7E 7E 7E 7C 7C 7C 7C 7C 7C 7C
7C 7C 7C 7C 7C 7C 7C 7C 7C 7C 7C 7C 7C 7C 7C 7C
7C 7C 7C 7C 7C 7C 7C 7C 7C 7C 7C 7C 7C 7C 7C 7C
7C 7C 7C 7C 7C 7E 7E 7E 7E 7E 7E 7C 7C 7C 7C 7C
7C 7C 7C 7C 7C 7C 7C 7C 7C 7C 7C 7C 7C 7C 7C 7C
7C 7C 7C 7C 7C 7C 7C 7C 7C 7C 7C 7C 7C 7C 7C 7C
7C 7C 7C 7C 7C 7C 7C 7E 7E 7E 7E 7E 7E 7C 7C 7C
7C 7C 7C 7C 7C 7C 7C 7C 7C 7C 7C 7C 7C 7C 7C 7C
7C 7C 7C 7C 7C 7C 7C 7C 7C 7C 7C 7C 7C 7C 7C 7C
7C 7C 7C 7C 7C 7C 7C 7C 7C 7E 7E 7E 7E 7E 7E 7C
7C 7C 7C 7C 7C 7C 7C 7C 7C 7C 7C 7C 7C 7C 7C 7C
7C 7C 7C 7C 7C 7C 7C 7C 7C 7C 7C 7C 7C 7C 7C 7C
7C 7C 7C 7C 7C 7C 7C 7C 7C 7C 7C 7E 7E 7E 7E 7E
7E 7C 7C 7C 7C 7C 7C 7C 7C 7C 7C 7C 7C 7C 7C 7C
7C 7C 7C 7C 7C 7C 7C 7C 7C 7C 7C 7C 7C 7C 7C 7C
7C 7C 7C 7C 7C 7C 7C 7C 7C 7C 7C 7C 7C 7E 7E 7E
7E 7E 7E 7C 7C 7C 7C 7C 7C 7C 7C 7C 7C 7C 7C 7C
7C 7C 7C 7C 7C 7C 7C 7C 7C 7C 7C 7C 7C 7C 7C 7C
7C 7C 7C 7C 7C 7C 7C 7C 7C 7C 7C 7C 7C 7C 7C 7E
7E 7E 7E 7E 7E 7C 7C 7C 7C 7C 7C 7C 7C 7C 7C 7C
7C 7C 7C 7C 7C 7C 7C 7C 7C 7C 7C 7C 7C 7C 7C 7C
7C 7C 7C 7C 7C 7C 7C 7C 7C 7C 7C 7C 7C 7C 7C 7C
7C 7E 7E 7E 7E 7E 7E 7C 7C 7C 7C 7C 7C 7C 7C 7C
7C 7C 7C 7C 7C 7C 7C 7C 7C 7C 7C 7C 7C 7C 7C 7C
7C 7C 7C 7C 7C 7C 7C 7C 7C 7C 7C 7C 7C 7C 7C 7C
7C 7C 7C 7E 7E 7E 7E 7E 7E 7C 7C 7C 7C 7C 7C 7C
7C 7C 7C 7C 7C 7C 7C 7C 7C 7C 7C 7C 7C 7C 7C 7C
7C 7C 7C 7C 7C 7C 7C 7C 7C 7C 7C 7C 7C 7C 7C 7C
7C 7C 7C 7C 7C 7E 7E 7E 7E 7E 7E 7C 7C 7C 7C 7C
7C 7C 7C 7C 7C 7C 7C 7C 7C 7C 7C 7C 7C 7C 7C 7C
7C 7C 7C 7C 7C 7C 7C 7C 7C 7C 7C 7C 7C 7C 7C 7C
7C 7C 7C 7C 7C 7C 7C 7E 7E 7E 7E 7E 7E 7C 7C 7C
7C 7C 7C 7C 7C 7C 7C 7C 7C 7C 7C 7C 7C 7C 7C 7C
7C 7C 7C 7C 7C 7C 7C 7C 7C 7C 7C 7C 7C 7C 7C 7C
7C 7C 7C 7C 7C 7C 7C 7C 7C 7E 7E 7E 7E 7E 7E 7C
7C 7C 7C 7C 7C 7C 7C 7C 7C 7C 7C 7C 7C 7C 7C 7C
7C 7C 7C 7C 7C 7C 7C 7C 7C 7C 7C 7C 7C 7C 7C 7C
7C 7C 7C 7C 7C 7C 7C 7C 7C 7C 7C 7E 7E 7E 7E 7E
7E 7C 7C 7C 7C 7C 7C 7C 7C 7C 7C 7C 7C 7C 7C 7C
7C 7C 7C 7C 7C 7C 7C 7C 7C 7C 7C 7C 7C 7C 7C 7C
7C 7C 7C 7C 7C 7C 7C 7C 7C 7C 7C 7C 7C 7E 7E 7E
7E 7E 7E 7C 7C 7C 7C 7C 7C 7C 7C 7C 7C 7C 7C 7C
7C 7C 7C 7C 7C 7C 7C 7C 7C 7C 7C 7C 7C 7C 7C 7C
7C 7C 7C 7C 7C 7C 7C 7C 7C 7C 7C 7C 7C 7C 7C 7E
7E 7E 7E 7E 7E 7C 7C 7C 7C 7C 7C 7C 7C 7C 7C 7C
7C 7C 7C 7C 7C 7C 7C 7C 7C 7C 7C 7C 7C 7C 7C 7C
7C 7C 7C 7C 7C 7C 7C 7C 7C 7C 7C 7C 7C 7C 7C 7C
7C 7E 7E 7E 7E 7E 7E 7C 7C 7C 0C 0C 0C 0C 0C 0C
0C 0C 0C 0C 0C 0C 0C 0C 0C 0C 0C 0C 0C 0C 0C 0C
0C 0C 0C 0C 0C 0C 0C 0C 0C 0C 0C 0C 0C 0C 0C 0C
0C 0C 0C 0E 0E 0E 0E 0E 0E 0C 0C 0C 0C 0C 0C 0C
0C 0C 0C 0C 0C 0C 0C 0C 0C 0C 0C 0C 0C 0C 0C 0C
0C 0C 0C 0C 0C 0C 0C 0C 0C 0C 0C 0C 0C 0C 0C 0C
0C 0C 0C 0C 0C 0E 0E 0E 0E 0E 0E 0C 0C 0C 0C 0C
0C 0C 0C 0C 0C 0C 0C 0C 0C 0C 0C 0C 0C 0C 0C 0C
0C 0C 0C 0C 0C 0C 0C 0C 0C 0C 0C 0C 0C 0C 0C 0C
0C 0C 0C 0C 0C 0C 0C 0E 0E 0E 0E 0E 0E 0C 0C 0C
0C 0C 0C 0C 0C 0C 0C 0C 0C 0C 0C 0C 0C 0C 0C 0C
0C 0C 0C 0C 0C 0C 0C 0C 0C 0C 0C 0C 0C 0C 0C 0C
0C 0C 0C 0C 0C 0C 0C 0C 0C 0E 0E 0E 0E 0E 0E 0C
0C 0C 0C 0C 0C 0C 0C 0C 0C 0C 0C 0C 0C 0C 0C 0C
0C 0C 0C 0C 0C 0C 0C 0C 0C 0C 0C 0C 0C 0C 0C 0C
0C 0C 0C 0C 0C 0C 0C 0C 0C 0C 0C 0E 0E 0E 0E 0E
0E 0C 0C 0C 0C 0C 0C 0C 0C 0C 0C 0C 0C 0C 0C 0C
0C 0C 0C 0C 0C 0C 0C 0C 0C 0C 0C 0C 0C 0C 0C 0C
0C 0C 0C 0C 0C 0C 0C 0C 0C 0C 0C 0C 0C 0E 0E 0E
0E 0E 0E 0C 0C 0C 0C 0C 0C 0C 0C 0C 0C 0C 0C 0C
0C 0C 0C 0C 0C 0C 0C 0C 0C 0C 0C 0C 0C 0C 0C 0C
0C 0C 0C 0C 0C 0C 0C 0C 0C 0C 0C 0C 0C 0C 0C 0E
0E 0E 0E 0E 0E 0C 0C 0C 0C 0C 0C 0C 0C 0C 0C 0C
0C 0C 0C 0C 0C 0C 0C 0C 0C 0C 0C 0C 0C 0C 0C 0C
0C 0C 0C 0C 0C 0C 0C 0C 0C 0C 0C 0C 0C 0C 0C 0C
0C 0E 0E 0E 0E 0E 0E 0C 0C 0C 0C 0C 0C 0C 0C 0C
0C 0C 0C 0C 0C 0C 0C 0C 0C 0C 0C 0C 0C 0C 0C 0C
0C 0C 0C 0C 0C 0C 0C 0C 0C 0C 0C 0C 0C 0C 0C 0C
0C 0C 0C 0E 0E 0E 0E 0E 0E 0C 0C 0C 0C 0C 0C 0C
0C 0C 0C 0C 0C 0C 0C 0C 0C 0C 0C 0C 0C 0C 0C 0C
0C 0C 0C 0C 0C 0C 0C 0C 0C 0C 0C 0C 0C 0C 0C 0C
0C 0C 0C 0C 0C 0E 0E 0E 0E 0E 0E 0C 0C 0C 0C 0C
0C 0C 0C 0C 0C 0C 0C 0C 0C 0C 0C 0C 0C 0C 0C 0C
0C 0C 0C 0C 0C 0C 0C 0C 0C 0C 0C 0C 0C 0C 0C 0C
0C 0C 0C 0C 0C 0C 0C 0E 0E 0E 0E 0E 0E 0C 0C 0C
0C 0C 0C 0C 0C 0C 0C 0C 0C 0C 0C 0C 0C 0C 0C 0C
0C 0C 0C 0C 0C 0C 0C 0C 0C 0C 0C 0C 0C 0C 0C 0C
0C 0C 0C 0C 0C 0C 0C 0C 0C 0E 0E 0E 0E 0E 0E 0C
0C 0C 0C 0C 0C 0C 0C 0C 0C 0C 0C 0C 0C 0C 0C 0C
0C 0C 0C 0C 0C 0C 0C 0C 0C 0C 0C 0C 0C 0C 0C 0C
0C 0C 0C 0C 0C 0C 0C 0C 0C 0C 0C 0E 0E 0E 0E 0E
0E 0C 0C 0C 0C 0C 0C 0C 0C 0C 0C 0C 0C 0C 0C 0C
0C 0C 0C 0C 0C 0C 0C 0C 0C 0C 0C 0C 0C 0C 0C 0C
0C 0C 0C 0C 0C 0C 0C 0C 0C 0C 0C 0C 0C 0E 0E 0E
0E 0E 0E 0C 0C 0C 0C 0C 0C 0C 0C 0C 0C 0C 0C 0C
0C 0C 0C 0C 0C 0C 0C 0C 0C 0C 0C 0C 0C 0C 0C 0C
0C 0C 0C 0C 0C 0C 0C 0C 0C 0C 0C 0C 0C 0C 0C 0E
0E 0E 0E 0E 0E 0C 0C 0C 0C 0C 0C 0C 0C 0C 0C 0C
0C 0C 0C 0C 0C 0C 0C 0C 0C 0C 0C 0C 0C 0C 0C 0C
0C 0C 0C 0C 0C 0C 0C 0C 0C 0C 0C 0C 0C 0C 0C 0C
0C 0E 0E 0E 0E 0E 0E 0C 0C 0C 0C 0C 0C 0C 0C 0C
0C 0C 0C 0C 0C 0C 0C 0C 0C 0C 0C 0C 0C 0C 0C 0C
0C 0C 0C 0C 0C 0C 0C 0C 0C 0C 0C 0C 0C 0C 0C 0C
0C 0C 0C 0E 0E 0E 0E 0E 0E 0C 0C 0C 0C 0C 0C 0C
0C 0C 0C 0C 0C 0C 0C 0C 0C 0C 0C 0C 0C 0C 0C 0C
0C 0C 0C 0C 0C 0C 0C 0C 0C 0C 0C 0C 0C 0C 0C 0C
0C 0C 0C 0C 0C 0E 0E 0E 0E 0E 0E 0C 0C 0C 0C 0C
0C 0C 0C 0C 0C 0C 0C 0C 0C 0C 0C 0C 0C 0C 0C 0C
0C 0C 0C 0C 0C 0C 0C 0C 0C 0C 0C 0C 0C 0C 0C 0C
0C 0C 0C 0C 0C 0C 0C 0E 0E 0E 0E 0E 0E 0C 0C 0C
0C 0C 0C 0C 0C 0C 0C 0C 0C 0C 0C 0C 0C 0C 0C 0C
0C 0C 0C 0C 0C 0C 0C 0C 0C 0C 0C 0C 0C 0C 0C 0C
0C 0C 0C 0C 0C 0C 0C 0C 0C 0E 0E 0E 0E 0E 0E 0C
0C 0C 0C 0C 0C 0C 0C 0C 0C 0C 0C 0C 0C 0C 0C 0C
0C 0C 0C 0C 0C 0C 0C 0C 0C 0C 0C 0C 0C 0C 0C 0C
0C 0C 0C 0C 0C 0C 0C 0C 0C 0C 0C 0E 0E 0E 0E 0E
0E 0C 0C 0C 0C 0C 0C 0C 0C 0C 0C 0C 0C 0C 0C 0C
0C 0C 0C 0C 0C 0C 0C 0C 0C 0C 0C 0C 0C 0C 0C 0C
0C 0C 0C 0C 0C 0C 0C 0C 0C 0C 0C 0C 0C 0E 0E 0E
0E 0E 0E 0C 0C 0C 0C 0C 0C 0C 0C 0C 0C 0C 0C 0C
0C 0C 0C 0C 0C 0C 0C 0C 0C 0C 0C 0C 0C 0C 0C 0C
0C 0C 0C 0C 0C 0C 0C 0C 0C 0C 0C 0C 0C 0C 0C 0E
0E 0E 0E 0E 0E 0C 0C 0C 0C 0C 0C 0C 0C 0C 0C 0C
0C 0C 0C 0C 0C 0C 0C 0C 0C 0C 0C 0C 0C 0C 0C 0C
0C 0C 0C 0C 0C 0C 0C 0C 0C 0C 0C 0C 0C 0C 0C 0C
0C 0E 0E 0E 0E 0E 0E 0C 0C 0C 0C 0C 0C 0C 0C 0C
0C 0C 0C 0C 0C 0C 0C 0C 0C 0C 0C 0C 0C 0C 0C 0C
0C 0C 0C 0C 0C 0C 0C 0C 0C 0C 0C 0C 0C 0C 0C 0C
0C 0C 0C 0E 0E 0E 0E 0E 0E 0C 0C 0C 0C 0C 0C 0C
0C 0C 0C 0C 0C 0C 0C 0C 0C 0C 0C 0C 0C 0C 0C 0C
0C 0C 0C 0C 0C 0C 0C 0C 0C 0C 0C 0C 0C 0C 0C 0C
0C 0C 0C 0C 0C 0E 0E 0E 0E 0E 0E 0C 0C 0C 0C 0C
0C 0C 0C 0C 0C 0C 0C 0C 0C 0C 0C 0C 0C 0C 0C 0C
0C 0C 0C 0C 0C 0C 0C 0C 0C 0C 0C 0C 0C 0C 0C 0C
0C 0C 0C 0C 0C 0C 0C 0E 0E 0E 0E 0E 0E 0C 0C 0C
0C 0C 0C 0C 0C 0C 0C 0C 0C 0C 0C 0C 0C 0C 0C 0C
0C 0C 0C 0C 0C 0C 0C 0C 0C 0C 0C 0C 0C 0C 0C 0C
0C 0C 0C 0C 0C 0C 0C 0C 0C 0E 0E 0E 0E 0E 0E 0C
0C 0C 0C 0C 0C 0C 0C 0C 0C 0C 0C 0C 0C 0C 0C 0C
0C 0C 0C 0C 0C 0C 0C 0C 0C 0C 0C 0C 0C 0C 0C 0C
0C 0C 0C 0C 0C 0C 0C 0C 0C 0C 0C 0E 0E 0E 0E 0E
0E 0C 0C 0C 0C 0C 0C 0C 0C 0C 0C 0C 0C 0C 0C 0C
0C 0C 0C 0C 0C 0C 0C 0C 0C 0C 0C 0C 0C 0C 0C 0C
0C 0C 0C 0C 0C 0C 0C 0C 0C 0C 0C 0C 0C 0E 0E 0E
0E 0E 0E 0C 0C 0C 0C 0C 0C 0C 0C 0C 0C 0C 0C 0C
0C 0C 0C 0C 0C 0C 0C 0C 0C 0C 0C 0C 0C 0C 0C 0C
0C 0C 0C 0C 0C 0C 0C 0C 0C 0C 0C 0C 0C 0C 0C 0E
0E 0E 0E 0E 0E 0C 0C 0C 0C 0C 0C 0C 0C 0C 0C 0C
0C 0C 0C 0C 0C 0C 0C 0C 0C 0C 0C 0C 0C 0C 0C 0C
0C 0C 0C 0C 0C 0C 0C 0C 0C 0C 0C 0C 0C 0C 0C 0C
0C 0E 0E 0E 0E 0E 0E 0C 0C 0C 0C 0C 0C 0C 0C 0C
0C 0C 0C 0C 0C 0C 0C 0C 0C 0C 0C 0C 0C 0C 0C 0C
0C 0C 0C 0C 0C 0C 0C 0C 0C 0C 0C 0C 0C 0C 0C 0C
0C 0C 0C 0E 0E 0E 0E 0E 0E 0C 0C 0C 0C 0C 0C 0C
0C 0C 0C 0C 0C 0C 0C 0C 0C 0C 0C 0C 0C 0C 0C 0C
0C 0C 0C 0C 0C 0C 0C 0C 0C 0C 0C 0C 0C 0C 0C 0C
0C 0C 0C 0C 0C 0E 0E 0E 0E 0E 0E 0C 0C 0C 0C 0C
0C 0C 0C 0C 0C 0C 0C 0C 0C 0C 0C 0C 0C 0C 0C 0C
0C 0C 0C 0C 0C 0C 0C 0C 0C 0C 0C 0C 0C 0C 0C 0C
0C 0C 0C 0C 0C 0C 0C 0E 0E 0E 0E 0E 0E 0C 0C 0C
0C 0C 0C 0C 0C 0C 0C 0C 0C 0C 0C 0C 0C 0C 0C 0C
0C 0C 0C 0C 0C 0C 0C 0C 0C 0C 0C 0C 0C 0C 0C 0C
0C 0C 0C 0C 0C 0C 0C 0C 0C 0E 0E 0E 0E 0E 0E 0C
0C 0C 0C 0C 0C 0C 0C 0C 0C 0C 0C 0C 0C 0C 0C 0C
0C 0C 0C 0C 0C 0C 0C 0C 0C 0C 0C 0C 0C 0C 0C 0C
0C 0C 0C 0C 0C 0C 0C 0C 0C 0C 0C 0E 0E 0E 0E 0E
0E 0C 0C 0C 0C 0C 0C 0C 0C 0C 0C 0C 0C 0C 0C 0C
0C 0C 0C 0C 0C 0C 0C 0C 0C 0C 0C 0C 0C 0C 0C 0C
0C 0C 0C 0C 0C 0C 0C 0C 0C 0C 0C 0C 0C 0E 0E 0E
0E 0E 0E 0C 0C 0C 0C 0C 0C 0C 0C 0C 0C 0C 0C 0C
0C 0C 0C 0C 0C 0C 0C 0C 0C 0C 0C 0C 0C 0C 0C 0C
0C 0C 0C 0C 0C 0C 0C 0C 0C 0C 0C 0C 0C 0C 0C 0E
0E 0E 0E 0E 0E 0C 0C 0C 0C 0C 0C 0C 0C 0C 0C 0C
0C 0C 0C 0C 0C 0C 0C 0C 0C 0C 0C 0C 0C 0C 0C 0C
0C 0C 0C 0C 0C 0C 0C 0C 0C 0C 0C 0C 0C 0C 0C 0C
0C 0E 0E 0E 0E 0E 0E 0C 0C 0C 0C 0C 0C 0C 0C 0C
0C 0C 0C 0C 0C 0C 0C 0C 0C 0C 0C 0C 0C 0C 0C 0C
0C 0C 0C 0C 0C 0C 0C 0C 0C 0C 0C 0C 0C 0C 0C 0C
0C 0C 0C 0E 0E 0E 0E 0E 0E 0C 0C 0C 0C 0C 0C 0C
0C 0C 0C 0C 0C 0C 0C 0C 0C 0C 0C 0C 0C 0C 0C 0C
0C 0C 0C 0C 0C 0C 0C 0C 0C 0C 0C 0C 0C 0C 0C 0C
0C 0C 0C 0C 0C 0E 0E 0E 0E 0E 0E 0C 0C 0C 0C 0C
0C 0C 0C 0C 0C 0C 0C 0C 0C 0C 0C 0C 0C 0C 0C 0C
0C 0C 0C 0C 0C 0C 0C 0C 0C 0C 0C 0C 0C 0C 0C 0C
0C 0C 0C 0C 0C 0C 0C 0E 0E 0E 0E 0E 0E 0C 0C 0C
0C 0C 0C 0C 0C 0C 0C 0C 0C 0C 0C 0C 0C 0C 0C 0C
0C 0C 0C 0C 0C 0C 0C 0C 0C 0C 0C 0C 0C 0C 0C 0C
0C 0C 0C 0C 0C 0C 0C 0C 0C 0E 0E 0E 0E 0E 0E 0C
0C 0C 0C 0C 0C 0C 0C 0C 0C 0C 0C 0C 0C 0C 0C 0C
0C 0C 0C 0C 0C 0C 0C 0C 0C 0C 0C 0C 0C 0C 0C 0C
0C 0C 0C 0C 0C 0C 0C 0C 0C 0C 0C 0E 0E 0E 0E 0E
0E 0C 0C 0C 0C 0C 0C 0C 0C 0C 0C 0C 0C 0C 0C 0C
0C 0C 0C 0C 0C 0C 0C 0C 0C 0C 0C 0C 0C 0C 0C 0C
0C 0C 0C 0C 0C 0C 0C 0C 0C 0C 0C 0C 0C 0E 0E 0E
0E 0E 0E 0C 0C 0C 0C 0C 0C 0C 0C 0C 0C 0C 0C 0C
0C 0C 0C 0C 0C 0C 0C 0C 0C 0C 0C 0C 0C 0C 0C 0C
0C 0C 0C 0C 0C 0C 0C 0C 0C 0C 0C 0C 0C 0C 0C 0E
0E 0E 0E 0E 0E 0C 0C 0C 0C 0C 0C 0C 0C 0C 0C 0C
0C 0C 0C 0C 0C 0C 0C 0C 0C 0C 0C 0C 0C 0C 0C 0C
0C 0C 0C 0C 0C 0C 0C 0C 0C 0C 0C 0C 0C 0C 0C 0C
0C 0E 0E 0E 0E 0E 0E 0C 0C 0C 0C 0C 0C 0C 0C 0C
0C 0C 0C 0C 0C 0C 0C 0C 0C 0C 0C 0C 0C 0C 0C 0C
0C 0C 0C 0C 0C 0C 0C 0C 0C 0C 0C 0C 0C 0C 0C 0C
0C 0C 0C 0E 0E 0E 0E 0E 0E 0C 0C 0C 0C 0C 0C 0C
0C 0C 0C 0C 0C 0C 0C 0C 0C 0C 0C 0C 0C 0C 0C 0C
0C 0C 0C 0C 0C 0C 0C 0C 0C 0C 0C 0C 0C 0C 0C 0C
0C 0C 0C 0C 0C 0E 0E 0E 0E 0E 0E 0C 0C 0C 0C 0C
0C 0C 0C 0C 0C 0C 0C 0C 0C 0C 0C 0C 0C 0C 0C 0C
0C 0C 0C 0C 0C 0C 0C 0C 0C 0C 0C 0C 0C 0C 0C 0C
0C 0C 0C 0C 0C 0C 0C 0E 0E 0E 0E 0E 0E 0C 0C 0C
0C 0C 0C 0C 0C 0C 0C 0C 0C 0C 0C 0C 0C 0C 0C 0C
0C 0C 0C 0C 0C 0C 0C 0C 0C 0C 0C 0C 0C 0C 0C 0C
0C 0C 0C 0C 0C 0C 0C 0C 0C 0E 0E 0E 0E 0E 0E 0C
0C 0C 0C 0C 0C 0C 0C 0C 0C 0C 0C 0C 0C 0C 0C 0C
0C 0C 0C 0C 0C 0C 0C 0C 0C 0C 0C 0C 0C 0C 0C 0C
0C 0C 0C 0C 0C 0C 0C 0C 0C 0C 0C 0E 0E 0E 0E 0E
0E 0C 0C 0C 0C 0C 0C 0C 0C 0C 0C 0C 0C 0C 0C 0C
0C 0C 0C 0C 0C 0C 0C 0C 0C 0C 0C 0C 0C 0C 0C 0C
0C 0C 0C 0C 0C 0C 0C 0C 0C 0C 0C 0C 0C 0E 0E 0E
0E 0E 0E 0C 0C 0C 0C 0C 0C 0C 0C 0C 0C 0C 0C 0C
0C 0C 0C 0C 0C 0C 0C 0C 0C 0C 0C 0C 0C 0C 0C 0C
0C 0C 0C 0C 0C 0C 0C 0C 0C 0C 0C 0C 0C 0C 0C 0E
0E 0E 0E 0E 0E 0C 0C 0C 0C 0C 0C 0C 0C 0C 0C 0C
0C 0C 0C 0C 0C 0C 0C 0C 0C 0C 0C 0C 0C 0C 0C 0C
0C 0C 0C 0C 0C 0C 0C 0C 0C 0C 0C 0C 0C 0C 0C 0C
0C 0E 0E 0E 0E 0E 0E 0C 0C 0C 0C 0C 0C 0C 0C 0C
0C 0C 0C 0C 0C 0C 0C 0C 0C 0C 0C 0C 0C 0C 0C 0C
0C 0C 0C 0C 0C 0C 0C 0C 0C 0C 0C 0C 0C 0C 0C 0C
0C 0C 0C 0E 0E 0E 0E 0E 0E 0C 0C 0C 0C 0C 0C 0C
0C 0C 0C 0C 0C 0C 0C 0C 0C 0C 0C 0C 0C 0C 0C 0C
0C 0C 0C 0C 0C 0C 0C 0C 0C 0C 0C 0C 0C 0C 0C 0C
0C 0C 0C 0C 0C 0E 0E 0E 0E 0E 0E 0C 0C 0C 0C 0C
0C 0C 0C 0C 0C 0C 0C 0C 0C 0C 0C 0C 0C 0C 0C 0C
0C 0C 0C 0C 0C 0C 0C 0C 0C 0C 0C 0C 0C 0C 0C 0C
0C 0C 0C 0C 0C 0C 0C 0E 0E 0E 0E 0E 0E 0C 0C 0C
0C 0C 0C 0C 0C 0C 0C 0C 0C 0C 0C 0C 0C 0C 0C 0C
0C 0C 0C 0C 0C 0C 0C 0C 0C 0C 0C 0C 0C 0C 0C 0C
0C 0C 0C 0C 0C 0C 0C 0C 0C 0E 0E 0E 0E 0E 0E 0C
0C 0C 0C 0C 0C 0C 0C 0C 0C 0C 0C 0C 0C 0C 0C 0C
0C 0C 0C 0C 0C 0C 0C 0C 0C 0C 0C 0C 0C 0C 0C 0C
0C 0C 0C 0C 0C 0C 0C 0C 0C 0C 0C 0E 0E 0E 0E 0E
0E 0C 0C 0C 0C 0C 0C 0C 0C 0C 0C 0C 0C 0C 0C 0C
0C 0C 0C 0C 0C 0C 0C 0C 0C 0C 0C 0C 0C 0C 0C 0C
0C 0C 0C 0C 0C 0C 0C 0C 0C 0C 0C 0C 0C 0E 0E 0E
0E 0E 0E 0C 0C 0C 0C 0C 0C 0C 0C 0C 0C 0C 0C 0C
0C 0C 0C 0C 0C 0C 0C 0C 0C 0C 0C 0C 0C 0C 0C 0C
0C 0C 0C 0C 0C 0C 0C 0C 0C 0C 0C 0C 0C 0C 0C 0E
0E 0E 0E 0E 0E 0C 0C 0C 0C 0C 0C 0C 0C 0C 0C 0C
0C 0C 0C 0C 0C 0C 0C 0C 0C 0C 0C 0C 0C 0C 0C 0C
0C 0C 0C 0C 0C 0C 0C 0C 0C 0C 0C 0C 0C 0C 0C 0C
0C 0E 0E 0E 0E 0E 0E 0C 0C 0C 0C 0C 0C 0C 0C 0C
0C 0C 0C 0C 0C 0C 0C 0C 0C 0C 0C 0C 0C 0C 0C 0C
0C 0C 0C 0C 0C 0C 0C 0C 0C 0C 0C 0C 0C 0C 0C 0C
0C 0C 0C 0E 0E 0E 0E 0E 0E 0C 0C 0C 0C 0C 0C 0C
0C 0C 0C 0C 0C 0C 0C 0C 0C 0C 0C 0C 0C 0C 0C 0C
0C 0C 0C 0C 0C 0C 0C 0C 0C 0C 0C 0C 0C 0C 0C 0C
0C 0C 0C 0C 0C 0E 0E 0E 0E 0E 0E 0C 0C 0C 0C 0C
0C 0C 0C 0C 0C 0C 0C 0C 0C 0C 0C 0C 0C 0C 0C 0C
0C 0C 0C 0C 0C 0C 0C 0C 0C 0C 0C 0C 0C 0C 0C 0C
0C 0C 0C 0C 0C 0C 0C 0E 0E 0E 0E 0E 0E 0C 0C 0C
0C 0C 0C 0C 0C 0C 0C 0C 0C 0C 0C 0C 0C 0C 0C 0C
0C 0C 0C 0C 0C 0C 0C 0C 0C 0C 0C 0C 0C 0C 0C 0C
0C 0C 0C 0C 0C 0C 0C 0C 0C 0E 0E 0E 0E 0E 0E 0C
0C 0C 0C 0C 0C 0C 0C 0C 0C 0C 0C 0C 0C 0C 0C 0C
0C 0C 0C 0C 0C 0C 0C 0C 0C 0C 0C 0C 0C 0C 0C 0C
0C 0C 0C 0C 0C 0C 0C 0C 0C 0C 0C 0E 0E 0E 0E 0E
0E 0C 0C 0C 0C 0C 0C 0C 0C 0C 0C 0C 0C 0C 0C 0C
0C 0C 0C 0C 0C 0C 0C 0C 0C 0C 0C 0C 0C 0C 0C 0C
0C 0C 0C 0C 0C 0C 0C 0C 0C 0C 0C 0C 0C 0E 0E 0E
0E 0E 0E 0C 0C 0C 0C 0C 0C 0C 0C 0C 0C 0C 0C 0C
0C 0C 0C 0C 0C 0C 0C 0C 0C 0C 0C 0C 0C 0C 0C 0C
0C 0C 0C 0C 0C 0C 0C 0C 0C 0C 0C 0C 0C 0C 0C 0E
0E 0E 0E 0E 0E 0C 0C 0C 0C 0C 0C 0C 0C 0C 0C 0C
0C 0C 0C 0C 0C 0C 0C 0C 0C 0C 0C 0C 0C 0C 0C 0C
0C 0C 0C 0C 0C 0C 0C 0C 0C 0C 0C 0C 0C 0C 0C 0C
0C 0E 0E 0E 0E 0E 0E 0C 0C 0C 0C 0C 0C 0C 0C 0C
0C 0C 0C 0C 0C 0C 0C 0C 0C 0C 0C 0C 0C 0C 0C 0C
0C 0C 0C 0C 0C 0C 0C 0C 0C 0C 0C 0C 0C 0C 0C 0C
0C 0C 0C 0E 0E 0E 0E 0E 0E 0C 0C 0C 0C 0C 0C 0C
0C 0C 0C 0C 0C 0C 0C 0C 0C 0C 0C 0C 0C 0C 0C 0C
0C 0C 0C 0C 0C 0C 0C 0C 0C 0C 0C 0C 0C 0C 0C 0C
0C 0C 0C 0C 0C 0E 0E 0E 0E 0E 0E 0C 0C 0C 0C 0C
0C 0C 0C 0C 0C 0C 0C 0C 0C 0C 0C 0C 0C 0C 0C 0C
0C 0C 0C 0C 0C 0C 0C 0C 0C 0C 0C 0C 0C 0C 0C 0C
0C 0C 0C 0C 0C 0C 0C 0E 0E 0E 0E 0E 0E 0C 0C 0C
0C 0C 0C 0C 0C 0C 0C 0C 0C 0C 0C 0C 0C 0C 0C 0C
0C 0C 0C 0C 0C 0C 0C 0C 0C 0C 0C 0C 0C 0C 0C 0C
0C 0C 0C 0C 0C 0C 0C 0C 0C 0E 0E 0E 0E 0E 0E 0C
0C 0C 0C 0C 0C 0C 0C 0C 0C 0C 0C 0C 0C 0C 0C 0C
0C 0C 0C 0C 0C 0C 0C 0C 0C 0C 0C 0C 0C 0C 0C 0C
0C 0C 0C 0C 0C 0C 0C 0C 0C 0C 0C 0E 0E 0E 0E 0E
0E 0C 0C 0C 0C 0C 0C 0C 0C 0C 0C 0C 0C 0C 0C 0C
0C 0C 0C 0C 0C 0C 0C 0C 0C 0C 0C 0C 0C 0C 0C 0C
0C 0C 0C 0C 0C 0C 0C 0C 0C 0C 0C 0C 0C 0E 0E 0E
0E 0E 0E 0C 0C 0C 0C 0C 0C 0C 0C 0C 0C 0C 0C 0C
0C 0C 0C 0C 0C 0C 0C 0C 0C 0C 0C 0C 0C 0C 0C 0C
0C 0C 0C 0C 0C 0C 0C 0C 0C 0C 0C 0C 0C 0C 0C 0E
0E 0E 0E 0E 0E 0C 0C 0C 0C 0C 0C 0C 0C 0C 0C 0C
0C 0C 0C 0C 0C 0C 0C 0C 0C 0C 0C 0C 0C 0C 0C 0C
0C 0C 0C 0C 0C 0C 0C 0C 0C 0C 0C 0C 0C 0C 0C 0C
0C 0E 0E 0E 0E 0E 0E 0C 0C 0C 0C 0C 0C 0C 0C 0C
0C 0C 0C 0C 0C 0C 0C 0C 0C 0C 0C 0C 0C 0C 0C 0C
0C 0C 0C 0C 0C 0C 0C 0C 0C 0C 0C 0C 0C 0C 0C 0C
0C 0C 0C 0E 0E 0E 0E 0E 0E 0C 0C 0C 0C 0C 0C 0C
0C 0C 0C 0C 0C 0C 0C 0C 0C 0C 0C 0C 0C 0C 0C 0C
0C 0C 0C 0C 0C 0C 0C 0C 0C 0C 0C 0C 0C 0C 0C 0C
0C 0C 0C 0C 0C 0E 0E 0E 0E 0E 0E 0C 0C 0C 0C 0C
0C 0C 0C 0C 0C 0C 0C 0C 0C 0C 0C 0C 0C 0C 0C 0C
0C 0C 0C 0C 0C 0C 0C 0C 0C 0C 0C 0C 0C 0C 0C 0C
0C 0C 0C 0C 0C 0C 0C 0E 0E 0E 0E 0E 0E 0C 0C 0C
0C 0C 0C 0C 0C 0C 0C 0C 0C 0C 0C 0C 0C 0C 0C 0C
0C 0C 0C 0C 0C 0C 0C 0C 0C 0C 0C 0C 0C 0C 0C 0C
0C 0C 0C 0C 0C 0C 0C 0C 0C 0E 0E 0E 0E 0E 0E 0C
0C 0C 0C 0C 0C 0C 0C 0C 0C 0C 0C 0C 0C 0C 0C 0C
0C 0C 0C 0C 0C 0C 0C 0C 0C 0C 0C 0C 0C 0C 0C 0C
0C 0C 0C 0C 0C 0C 0C 0C 0C 0C 0C 0E 0E 0E 0E 0E
0E 0C 0C 0C 0C 0C 0C 0C 0C 0C 0C 0C 0C 0C 0C 0C
0C 0C 0C 0C 0C 0C 0C 0C 0C 0C 0C 0C 0C 0C 0C 0C
0C 0C 0C 0C 0C 0C 0C 0C 0C 0C 0C 0C 0C 0E 0E 0E
0E 0E 0E 0C 0C 0C 0C 0C 0C 0C 0C 0C 0C 0C 0C 0C
0C 0C 0C 0C 0C 0C 0C 0C 0C 0C 0C 0C 0C 0C 0C 0C
0C 0C 0C 0C 0C 0C 0C 0C 0C 0C 0C 0C 0C 0C 0C 0E
0E 0E 0E 0E 0E 0C 0C 0C 0C 0C 0C 0C 0C 0C 0C 0C
0C 0C 0C 0C 0C 0C 0C 0C 0C 0C 0C 0C 0C 0C 0C 0C
0C 0C 0C 0C 0C 0C 0C 0C 0C 0C 0C 0C 0C 0C 0C 0C
0C 0E 0E 0E 0E 0E 0E 0C 0C 0C 0C 0C 0C 0C 0C 0C
0C 0C 0C 0C 0C 0C 0C 0C 0C 0C 0C 0C 0C 0C 0C 0C
0C 0C 0C 0C 0C 0C 0C 0C 0C 0C 0C 0C 0C 0C 0C 0C
0C 0C 0C 0E 0E 0E 0E 0E 0E 0C 0C 0C 0C 0C 0C 0C
0C 0C 0C 0C 0C 0C 0C 0C 0C 0C 0C 0C 0C 0C 0C 0C
0C 0C 0C 0C 0C 0C 0C 0C 0C 0C 0C 0C 0C 0C 0C 0C
0C 0C 0C 0C 0C 0E 0E 0E 0E 0E 0E 0C 0C 0C 0C 0C
0C 0C 0C 0C 0C 0C 0C 0C 0C 0C 0C 0C 0C 0C 0C 0C
0C 0C 0C 0C 0C 0C 0C 0C 0C 0C 0C 0C 0C 0C 0C 0C
0C 0C 0C 0C 0C 0C 0C 0E 0E 0E 0E 0E 0E 0C 0C 0C
0C 0C 0C 0C 0C 0C 0C 0C 0C 0C 0C 0C 0C 0C 0C 0C
0C 0C 0C 0C 0C 0C 0C 0C 0C 0C 0C 0C 0C 0C 0C 0C
0C 0C 0C 0C 0C 0C 0C 0C 0C 0E 0E 0E 0E 0E 0E 0C
0C 0C 0C 0C 0C 0C 0C 0C 0C 0C 0C 0C 0C 0C 0C 0C
0C 0C 0C 0C 0C 0C 0C 0C 0C 0C 0C 0C 0C 0C 0C 0C
0C 0C 0C 0C 0C 0C 0C 0C 0C 0C 0C 0E 0E 0E 0E 0E
0E 0C 0C 0C 0C 0C 0C 0C 0C 0C 0C 0C 0C 0C 0C 0C
0C 0C 0C 0C 0C 0C 0C 0C 0C 0C 0C 0C 0C 0C 0C 0C
0C 0C 0C 0C 0C 0C 0C 0C 0C 0C 0C 0C 0C 0E 0E 0E
0E 0E 0E 0C 0C 0C 0C 0C 0C 0C 0C 0C 0C 0C 0C 0C
0C 0C 0C 0C 0C 0C 0C 0C 0C 0C 0C 0C 0C 0C 0C 0C
0C 0C 0C 0C 0C 0C 0C 0C 0C 0C 0C 0C 0C 0C 0C 0E
0E 0E 0E 0E 0E 0C 0C 0C 0C 0C 0C 0C 0C 0C 0C 0C
0C 0C 0C 0C 0C 0C 0C 0C 0C 0C 0C 0C 0C 0C 0C 0C
0C 0C 0C 0C 0C 0C 0C 0C 0C 0C 0C 0C 0C 0C 0C 0C
0C 0E 0E 0E 0E 0E 0E 0C 0C 0C 0C 0C 0C 0C 0C 0C
0C 0C 0C 0C 0C 0C 0C 0C 0C 0C 0C 0C 0C 0C 0C 0C
0C 0C 0C 0C 0C 0C 0C 0C 0C 0C 0C 0C 0C 0C 0C 0C
0C 0C 0C 0E 0E 0E 0E 0E 0E 0C 0C 0C 0C 0C 0C 0C
0C 0C 0C 0C 0C 0C 0C 0C 0C 0C 0C 0C 0C 0C 0C 0C
0C 0C 0C 0C 0C 0C 0C 0C 0C 0C 0C 0C 0C 0C 0C 0C
0C 0C 0C 0C 0C 0E 0E 0E 0E 0E 0E 0C 0C 0C 0C 0C
0C 0C 0C 0C 0C 0C 0C 0C 0C 0C 0C 0C 0C 0C 0C 0C
0C 0C 0C 0C 0C 0C 0C 0C 0C 0C 0C 0C 0C 0C 0C 0C
0C 0C 0C 0C 0C 0C 0C 0E 0E 0E 0E 0E 0E 0C 0C 0C
0C 0C 0C 0C 0C 0C 0C 0C 0C 0C 0C 0C 0C 0C 0C 0C
0C 0C 0C 0C 0C 0C 0C 0C 0C 0C 0C 0C 0C 0C 0C 0C
0C 0C 0C 0C 0C 0C 0C 0C 0C 0E 0E 0E 0E 0E 0E 0C
0C 0C 0C 0C 0C 0C 0C 0C 0C 0C 0C 0C 0C 0C 0C 0C
0C 0C 0C 0C 0C 0C 0C 0C 0C 0C 0C 0C 0C 0C 0C 0C
0C 0C 0C 0C 0C 0C 0C 0C 0C 0C 0C 0E 0E 0E 0E 0E
0E 0C 0C 0C 0C 0C 0C 0C 0C 0C 0C 0C 0C 0C 0C 0C
0C 0C 0C 0C 0C 0C 0C 0C 0C 0C 0C 0C 0C 0C 0C 0C
0C 0C 0C 0C 0C 0C 0C 0C 0C 0C 0C 0C 0C 0E 0E 0E
0E 0E 0E 0C 0C 0C 0C 0C 0C 0C 0C 0C 0C 0C 0C 0C
0C 0C 0C 0C 0C 0C 0C 0C 0C 0C 0C 0C 0C 0C 0C 0C
0C 0C 0C 0C 0C 0C 0C 0C 0C 0C 0C 0C 0C 0C 0C 0E
0E 0E 0E 0E 0E 0C 0C 0C 0C 0C 0C 0C 0C 0C 0C 0C
0C 0C 0C 0C 0C 0C 0C 0C 0C 0C 0C 0C 0C 0C 0C 0C
0C 0C 0C 0C 0C 0C 0C 0C 0C 0C 0C 0C 0C 0C 0C 0C
0C 0E 0E 0E 0E 0E 0E 0C 0C 0C 0C 0C 0C 0C 0C 0C
0C 0C 0C 0C 0C 0C 0C 0C 0C 0C 0C 0C 0C 0C 0C 0C
0C 0C 0C 0C 0C 0C 0C 0C 0C 0C 0C 0C 0C 0C 0C 0C
0C 0C 0C 0E 0E 0E 0E 0E 0E 0C 0C 0C 0C 0C 0C 0C
0C 0C 0C 0C 0C 0C 0C 0C 0C 0C 0C 0C 0C 0C 0C 0C
0C 0C 0C 0C 0C 0C 0C 0C 0C 0C 0C 0C 0C 0C 0C 0C
0C 0C 0C 0C 0C 0E 0E 0E 0E 0E 0E 0C 0C 0C 0C 0C
0C 0C 0C 0C 0C 0C 0C 0C 0C 0C 0C 0C 0C 0C 0C 0C
0C 0C 0C 0C 0C 0C 0C 0C 0C 0C 0C 0C 0C 0C 0C 0C
0C 0C 0C 0C 0C 0C 0C 0E 0E 0E 0E 0E 0E 0C 0C 0C
0C 0C 0C 0C 0C 0C 0C 0C 0C 0C 0C 0C 0C 0C 0C 0C
0C 0C 0C 0C 0C 0C 0C 0C 0C 0C 0C 0C 0C 0C 0C 0C
0C 0C 0C 0C 0C 0C 0C 0C 0C 0E 0E 0E 0E 0E 0E 0C
0C 0C 0C 0C 0C 0C 0C 0C 0C 0C 0C 0C 0C 0C 0C 0C
0C 0C 0C 0C 0C 0C 0C 0C 0C 0C 0C 0C 0C 0C 0C 0C
0C 0C 0C 0C 0C 0C 0C 0C 0C 0C 0C 0E 0E 0E 0E 0E
0E 0C 0C 0C 0C 0C 0C 0C 0C 0C 0C 0C 0C 0C 0C 0C
0C 0C 0C 0C 0C 0C 0C 0C 0C 0C 0C 0C 0C 0C 0C 0C
0C 0C 0C 0C 0C 0C 0C 0C 0C 0C 0C 0C 0C 0E 0E 0E
0E 0E 0E 0C 0C 0C 0C 0C 0C 0C 0C 0C 0C 0C 0C 0C
0C 0C 0C 0C 0C 0C 0C 0C 0C 0C 0C 0C 0C 0C 0C 0C
0C 0C 0C 0C 0C 0C 0C 0C 0C 0C 0C 0C 0C 0C 0C 0E
0E 0E 0E 0E 0E 0C 0C 0C 0C 0C 0C 0C 0C 0C 0C 0C
0C 0C 0C 0C 0C 0C 0C 0C 0C 0C 0C 0C 0C 0C 0C 0C
0C 0C 0C 0C 0C 0C 0C 0C 0C 0C 0C 0C 0C 0C 0C 0C
0C 0E 0E 0E 0E 0E 0E 0C 0C 0C 0C 0C 0C 0C 0C 0C
0C 0C 0C 0C 0C 0C 0C 0C 0C 0C 0C 0C 0C 0C 0C 0C
0C 0C 0C 0C 0C 0C 0C 0C 0C 0C 0C 0C 0C 0C 0C 0C
0C 0C 0C 0E 0E 0E 0E 0E 0E 0C 0C 0C 0C 0C 0C 0C
0C 0C 0C 0C 0C 0C 0C 0C 0C 0C 0C 0C 0C 0C 0C 0C
0C 0C 0C 0C 0C 0C 0C 0C 0C 0C 0C 0C 0C 0C 0C 0C
0C 0C 0C 0C 0C 0E 0E 0E 0E 0E 0E 0C 0C 0C 0C 0C
0C 0C 0C 0C 0C 0C 0C 0C 0C 0C 0C 0C 0C 0C 0C 0C
0C 0C 0C 0C 0C 0C 0C 0C 0C 0C 0C 0C 0C 0C 0C 0C
0C 0C 0C 0C 0C 0C 0C 0E 0E 0E 0E 0E 0E 0C 0C 0C
0C 0C 0C 0C 0C 0C 0C 0C 0C 0C 0C 0C 0C 0C 0C 0C
0C 0C 0C 0C 0C 0C 0C 0C 0C 0C 0C 0C 0C 0C 0C 0C
0C 0C 0C 0C 0C 0C 0C 0C 0C 0E 0E 0E 0E 0E 0E 0C
0C 0C 0C 0C 0C 0C 0C 0C 0C 0C 0C 0C 0C 0C 0C 0C
0C 0C 0C 0C 0C 0C 0C 0C 0C 0C 0C 0C 0C 0C 0C 0C
0C 0C 0C 0C 0C 0C 0C 0C 0C 0C 0C 0E 0E 0E 0E 0E
0E 0C 0C 0C 0C 0C 0C 0C 0C 0C 0C 0C 0C 0C 0C 0C
0C 0C 0C 0C 0C 0C 0C 0C 0C 0C 0C 0C 0C 0C 0C 0C
0C 0C 0C 0C 0C 0C 0C 0C 0C 0C 0C 0C 0C 0E 0E 0E
0E 0E 0E 0C 0C 0C 0C 0C 0C 0C 0C 0C 0C 0C 0C 0C
0C 0C 0C 0C 0C 0C 0C 0C 0C 0C 0C 0C 0C 0C 0C 0C
0C 0C 0C 0C 0C 0C 0C 0C 0C 0C 0C 0C 0C 0C 0C 0E
0E 0E 0E 0E 0E 0C 0C 0C 0C 0C 0C 0C 0C 0C 0C 0C
0C 0C 0C 0C 0C 0C 0C 0C 0C 0C 0C 0C 0C 0C 0C 0C
0C 0C 0C 0C 0C 0C 0C 0C 0C 0C 0C 0C 0C 0C 0C 0C
0C 0E 0E 0E 0E 0E 0E 0C 0C 0C 0C 0C 0C 0C 0C 0C
0C 0C 0C 0C 0C 0C 0C 0C 0C 0C 0C 0C 0C 0C 0C 0C
0C 0C 0C 0C 0C 0C 0C 0C 0C 0C 0C 0C 0C 0C 0C 0C
0C 0C 0C 0E 0E 0E 0E 0E 0E 0C 0C 0C 0C 0C 0C 0C
0C 0C 0C 0C 0C 0C 0C 0C 0C 0C 0C 0C 0C 0C 0C 0C
0C 0C 0C 0C 0C 0C 0C 0C 0C 0C 0C 0C 0C 0C 0C 0C
0C 0C 0C 0C 0C 0E 0E 0E 0E 0E 0E 0C 0C 0C 0C 0C
0C 0C 0C 0C 0C 0C 0C 0C 0C 0C 0C 0C 0C 0C 0C 0C
0C 0C 0C 0C 0C 0C 0C 0C 0C 0C 0C 0C 0C 0C 0C 0C
0C 0C 0C 0C 0C 0C 0C 0E 0E 0E 0E 0E 0E 0C 0C 0C
0C 0C 0C 0C 0C 0C 0C 0C 0C 0C 0C 0C 0C 0C 0C 0C
0C 0C 0C 0C 0C 0C 0C 0C 0C 0C 0C 0C 0C 0C 0C 0C
0C 0C 0C 0C 0C 0C 0C 0C 0C 0E 0E 0E 0E 0E 0E 0C
0C 0C 0C 0C 0C 0C 0C 0C 0C 0C 0C 0C 0C 0C 0C 0C
0C 0C 0C 0C 0C 0C 0C 0C 0C 0C 0C 0C 0C 0C 0C 0C
0C 0C 0C 0C 0C 0C 0C 0C 0C 0C 0C 0E 0E 0E 0E 0E
0E 0C 0C 0C 0C 0C 0C 0C 0C 0C 0C 0C 0C 0C 0C 0C
0C 0C 0C 0C 0C 0C 0C 0C 0C 0C 0C 0C 0C 0C 0C 0C
0C 0C 0C 0C 0C 0C 0C 0C 0C 0C 0C 0C 0C 0E 0E 0E
0E 0E 0E 0C 0C 0C 0C 0C 0C 0C 0C 0C 0C 0C 0C 0C
0C 0C 0C 0C 0C 0C 0C 0C 0C 0C 0C 0C 0C 0C 0C 0C
0C 0C 0C 0C 0C 0C 0C 0C 0C 0C 0C 0C 0C 0C 0C 0E
0E 0E 0E 0E 0E 0C 0C 0C 0C 0C 0C 0C 0C 0C 0C 0C
0C 0C 0C 0C 0C 0C 0C 0C 0C 0C 0C 0C 0C 0C 0C 0C
0C 0C 0C 0C 0C 0C 0C 0C 0C 0C 0C 0C 0C 0C 0C 0C
0C 0E 0E 0E 0E 0E 0E 0C 0C 0C 0C 0C 0C 0C 0C 0C
0C 0C 0C 0C 0C 0C 0C 0C 0C 0C 0C 0C 0C 0C 0C 0C
0C 0C 0C 0C 0C 0C 0C 0C 0C 0C 0C 0C 0C 0C 0C 0C
0C 0C 0C 0E 0E 0E 0E 0E 0E 0C 0C 0C 0C 0C 0C 0C
0C 0C 0C 0C 0C 0C 0C 0C 0C 0C 0C 0C 0C 0C 0C 0C
0C 0C 0C 0C 0C 0C 0C 0C 0C 0C 0C 0C 0C 0C 0C 0C
0C 0C 0C 0C 0C 0E 0E 0E 0E 0E 0E 0C 0C 0C 0C 0C
0C 0C 0C 0C 0C 0C 0C 0C 0C 0C 0C 0C 0C 0C 0C 0C
